Year	Month	1	2	3	4	5	6	7	8	9	10	11	12
1995	1	0.000162052	0	0	0	0.000128577	5.19833E-05	6.94876E-05	0.000124202	0.000492742	0.000502122	0	7.55912E-05
1995	2	0.000162052	0	0	0	0.000128577	5.19833E-05	6.94876E-05	0.000124202	0.000492742	0.000502122	0	7.55912E-05
1995	3	0.000162052	0	0	0	0.000128577	5.19833E-05	6.94876E-05	0.000124202	0.000492742	0.000502122	0	7.55912E-05
1995	4	0	0	0	0	0	0	0.000249564	0.000250114	0	0.000165528	0.000388826	0.000804595
1995	5	0	0	0	0	4.10594E-05	0	0.00019111	0.000759936	0.000404924	0.001106044	0.007307811	0.000847376
1995	6	0	0	0	0	0	0	0.000663894	0.000538772	0	0.002539832	0	0.001804842
1995	7	0.001386623	0	0	0	0.000101178	0.000249981	0.000679697	0.002755314	0.001599872	0.000864139	0.000737318	0.012162696
1995	8	0.001386623	0	0	0	0.000101178	0.000249981	0.000679697	0.002755314	0.001599872	0.000864139	0.000737318	0.012162696
1995	9	0.000355549	6.42811E-05	0	0	0.000880919	0	0.001428827	0.000391512	0.000539712	0.000288367	0.000107247	8.75361E-05
1995	10	0.000274955	6.08473E-05	0	0	0	0	0.001450926	0.002726992	0.003169205	0.00096437	0.000996281	0.001202752
1995	11	8.3246E-05	9.80518E-05	0	0	8.00385E-05	0	0.003053309	0.004130937	0.001409402	0.002555575	0.000105884	0.000501962
1995	12	0	0	0	0	0.000116682	0	0.000545663	0.000233867	0.002554149	0.000296031	0	5.9885E-05
1996	1	0.000137185	0	1.71061E-05	0	9.90736E-05	8.63404E-05	0.000172334	0.000237448	0.000953876	0.001127859	0	0.000117366
1996	2	0.000137185	0	1.71061E-05	0	9.90736E-05	8.63404E-05	0.000172334	0.000237448	0.000953876	0.001127859	0	0.000117366
1996	3	0.000137185	0	1.71061E-05	0	9.90736E-05	8.63404E-05	0.000172334	0.000237448	0.000953876	0.001127859	0	0.000117366
1996	4	0.00017614	0	0.000456655	0.000191405	0.00082848	0.001439908	0.002883608	0.001181353	0.001500798	0.000737688	0	9.31209E-05
1996	5	0.000171171	0	0.000309476	0.000196788	0.000934256	0.002462167	0.01120922	0.017322817	0.012143589	0.047162903	0.005017019	0.004811813
1996	6	0.003244283	0	3.69585E-05	0	0.00182916	0.001133508	0.013599957	0.019872259	0.03950312	0.002304701	0.002711099	0.00892915
1996	7	0	0	0	0	0.003551914	0.000190852	0.00537891	0.009326641	0.003145739	0.001037446	0.009224388	0.0089764
1996	8	0	0	0	0	0.003551914	0.000190852	0.00537891	0.009326641	0.003145739	0.001037446	0.009224388	0.0089764
1996	9	0	0	0	0	0	0	0.000154309	0.000133392	0.000108149	0	0	6.43441E-05
1996	10	0	0	0	0	0.000310652	0	9.52123E-05	0.000182186	9.96364E-05	6.10953E-05	0	3.69413E-05
1996	11	0	0	0	0	0.000387455	0	7.98625E-05	0	0	0	0	0
1996	12	8.67703E-05	0	0	0	0	0	0	4.8737E-05	0.001250127	0.003553404	0	0.000185456
1997	1	0.000123692	0	0	0	0	0.000128484	5.7185E-05	4.21288E-05	4.99652E-05	0.000977744	0	0.000161117
1997	2	0.000123692	0	0	0	0	0.000128484	5.7185E-05	4.21288E-05	4.99652E-05	0.000977744	0	0.000161117
1997	3	0.000123692	0	0	0	0	0.000128484	5.7185E-05	4.21288E-05	4.99652E-05	0.000977744	0	0.000161117
1997	4	0.000445454	0.001055652	0.000922478	0	0.00022231	0.003375403	0.001313011	0.000103501	0	0	0	0
1997	5	0.008834657	0.001526562	0.000163077	0.001025931	0.026417603	0.005270492	0.01286317	0.000354976	0.000448872	0	0	0
1997	6	0.003184605	0.000394987	2.46243E-05	0	0.015315114	0.000924003	0.005762127	0.000386364	0.000247038	9.27064E-05	0	0.000134169
1997	7	0.000771023	0	0	0	0.000716107	9.4588E-05	0.000638789	0.000893495	0.003470575	0	0.000806606	0.001371194
1997	8	0.000771023	0	0	0	0.000716107	9.4588E-05	0.000638789	0.000893495	0.003470575	0	0.000806606	0.001371194
1997	9	0	0	0	0	0	0	7.19139E-05	4.45877E-05	0	0	0	0
1997	10	0	0	0	0	0.003884986	2.09624E-05	0.000419859	2.25247E-05	0.000295759	6.11099E-05	0	2.46832E-05
1997	11	0	2.44814E-05	0	0	0.001646938	1.99813E-05	0.000491512	0.000119533	0.00020391	0.000203063	0	4.08737E-05
1997	12	0	0	0	0	5.00799E-05	0	0.000659659	0.000336984	0.000333444	0.003772501	7.76534E-05	0.000181324
1998	1	0.001621151	0	0	0	0.000803273	0	0.0001488	0.000204017	0.00095576	0.000862224	0	0.00049571
1998	2	0.001621151	0	0	0	0.000803273	0	0.0001488	0.000204017	0.00095576	0.000862224	0	0.00049571
1998	3	0.001621151	0	0	0	0.000803273	0	0.0001488	0.000204017	0.00095576	0.000862224	0	0.00049571
1998	4	0	0	0	0	0.000443912	0	0.000191043	0	0	0.000269565	0	0.000325771
1998	5	0	0	2.80119E-05	0	9.66939E-05	0	0.000988649	0.000878313	0	0.003757379	0.003757432	0.000300722
1998	6	0.001240976	0	1.90991E-05	0	0	0.000151195	0.001213955	0.001665671	0	0.003392999	0.001576758	0.002581719
1998	7	0.000690238	0	0	0	9.84497E-05	0	9.88864E-05	0.001239869	0.000674714	0.000451974	0.000570899	0.005671358
1998	8	0.000690238	0	0	0	9.84497E-05	0	9.88864E-05	0.001239869	0.000674714	0.000451974	0.000570899	0.005671358
1998	9	0	3.01156E-05	0	0	0	0	0	0.000924389	0.000657181	0	0.001139621	0.001682904
1998	10	6.22098E-05	0	0	0	4.85612E-05	2.00756E-05	6.41415E-05	0.000139493	0.000441307	0.000791681	7.22046E-05	0.00097608
1998	11	0	0	0	0	0	0	0	0	9.28626E-05	0.000209743	0	0.000127884
1998	12	0	9.79312E-05	0	0	0	0	0.000106472	0.000131333	0.000334956	0.001293575	0	0.000384271
1999	1	0	0	0	0	0.000176141	5.17262E-05	0.000237847	0.000123963	0.001055982	0.000134373	0	0.000215442
1999	2	0	0	0	0	0.000176141	5.17262E-05	0.000237847	0.000123963	0.001055982	0.000134373	0	0.000215442
1999	3	0	0	0	0	0.000176141	5.17262E-05	0.000237847	0.000123963	0.001055982	0.000134373	0	0.000215442
1999	4	0	0	0.00164461	0.000203052	0.000175683	0.001331052	0.001008255	0.000278436	0	0.002896347	0	9.49111E-05
1999	5	0.001560295	0	0.003209878	0.000581272	0.000728702	0.002138901	0.007478156	6.36861E-05	0	0.00798794	0	0
1999	6	0.00163968	0	0.000899925	0.000186217	0.003465468	0.005506576	0.01864391	0.002330606	0.001966864	0.009389678	0	0.000185237
1999	7	0.000756237	0.000190015	0	0	0.005504395	4.87772E-05	0.006342347	0.005957712	0.007315188	0.000620808	0.000198337	0.004685185
1999	8	0.000756237	0.000190015	0	0	0.005504395	4.87772E-05	0.006342347	0.005957712	0.007315188	0.000620808	0.000198337	0.004685185
1999	9	0.000206676	8.58637E-05	0	0	0.000309623	1.8208E-05	0.001724494	0.001451847	0.000391372	0.001858724	0.000191442	0.000844883
1999	10	0.001108414	0.000704678	0	0	0.003576187	0.000777318	0.002805736	0.000176013	0.000663048	0.006241097	0	0.000689392
1999	11	0.002685064	0.000257862	0	0	0.00139297	0.000161854	0.000285518	0.000189861	0.000487618	0.001685853	0	5.18769E-05
1999	12	0.000273959	7.8452E-05	0	0	0.001480799	2.21245E-05	0.005741364	0	0.000925666	0	0	7.70578E-05
2000	1	0.000273959	7.8452E-05	0	0	0.001480799	2.21245E-05	0.005741364	0	0.000925666	0	0	7.70578E-05
2000	2	0.000273959	7.8452E-05	0	0	0.001480799	2.21245E-05	0.005741364	0	0.000925666	0	0	7.70578E-05
2000	3	0	0	4.80851E-05	0	0.000628993	0.000363507	0.000629446	0.001146356	0.000447102	0.000368179	0	0.000781536
2000	4	0	0.000608245	0.000619693	0	0.000137008	0.00014931	0.00104396	0.000247809	0.000752737	0.000480567	0.000192653	0.000127973
2000	5	0.001119452	0.000365921	0.001267975	0.000602999	0.000689184	0.001465343	0.006953584	0.003671082	0.001596354	0.003170344	0	0
2000	6	0.00444483	0.000266629	0.000286148	0	0.01185497	0.004647672	0.031218238	0.00424078	0.000240343	0.001695369	0.000191729	0.00071736
2000	7	0	0	0	0	0.022384141	0.000348803	0.00450693	0.00089513	0.000419201	0	0.001462415	0.001465946
2000	8	0	0	0	0	0.022384141	0.000348803	0.00450693	0.00089513	0.000419201	0	0.001462415	0.001465946
2000	9	0	0	0	0	0	0.000404944	0.002999708	0.005327215	0.002515019	0.002044057	3.15746E-05	0.000187447
2000	10	0.000362042	0.000524479	0	0	0.004202571	0	0.00098288	2.73113E-05	0	0	0	0
2000	11	0.000793244	0.00024483	0	0	0.000123375	0.000119318	0.000570841	8.09026E-05	0.000384447	0.001129455	0	5.0774E-05
2000	12	0.000152699	0.00103537	0	0	0.001691563	0.000316655	0.000178444	0.000292867	0.00164501	0.000773845	2.58101E-05	4.78216E-05
2001	1	0.000152699	0.00103537	0	0	0.001691563	0.000316655	0.000178444	0.000292867	0.00164501	0.000773845	2.58101E-05	4.78216E-05
2001	2	0.000152699	0.00103537	0	0	0.001691563	0.000316655	0.000178444	0.000292867	0.00164501	0.000773845	2.58101E-05	4.78216E-05
2001	3	0	0	0	0	0	0	0.000428662	0	0	0.000263953	0	0.000395512
2001	4	0	0	0.000878246	0.000743247	4.53102E-05	0.000147423	3.79995E-05	0	0	7.06046E-05	0	0.000112745
2001	5	0.004079263	0.000425136	0.000412536	0.002639199	0.002926741	0.010298334	0.000735608	5.13967E-05	0	5.76405E-05	0	0
2001	6	0.002415126	0	0	0	0.01600664	0.002951311	0.002434778	0.000140959	0	0	0	0
2001	7	0.002415126	0	0	0	0.01600664	0.002951311	0.002434778	0.000140959	0	0	0	0
2001	8	0.002415126	0	0	0	0.01600664	0.002951311	0.002434778	0.000140959	0	0	0	0
2001	9	0.000826126	2.52068E-05	0	0	0.001714952	0	0.00055941	0.000167937	0.000373645	6.35798E-05	0	0.00017018
2001	10	0.001416575	0.000267868	0	0	0.016581326	9.7357E-05	0.001752986	8.9089E-05	0.000123986	0.000616997	0	0.000228235
2001	11	0.00066275	2.16483E-05	0	0	0.000283785	0	7.18479E-05	3.39494E-05	4.40739E-05	0.000417422	0	0
2001	12	0.00012675	7.20191E-05	0	0	0.000316708	4.34717E-05	0.000303434	0	0	0	0	0
2002	1	0.00165427	0.000361806	0.00037642	0.000131161	0.000172476	0.001721635	0.002214639	0.000296772	0.001207276	0.012436858	0.000217354	0.001168687
2002	2	0.000393087	4.27086E-05	0	0	0.00062205	0.000318013	0.002879023	8.94404E-05	0	0.02376182	0.000216519	0.000159279
2002	3	0.003625414	0.002393046	0.000195791	0.000200612	0.002603976	0.00031399	0.000507387	0	0	0.010545717	0	0.000104355
2002	4	0.000823828	0.000172299	0.001879082	0.000123367	0.000301075	0.000467726	0.001554457	0	0	0	0	0
2002	5	0.002794021	0	0.000472584	0	0.001776184	0.00308223	0.001469548	0	0	3.71312E-05	0	0
2002	6	0.002439242	0	5.24583E-05	0.000185251	0.005641621	0.001935343	0.001502343	0	0.000398801	0	0	0.00041085
2002	7	0.002439242	0	5.24583E-05	0.000185251	0.005641621	0.001935343	0.001502343	0	0.000398801	0	0	0.00041085
2002	8	0.002439242	0	5.24583E-05	0.000185251	0.005641621	0.001935343	0.001502343	0	0.000398801	0	0	0.00041085
2002	9	0	4.03696E-05	0	0	0.000869066	0	0.000160731	0	0	0	0	5.44883E-05
2002	10	0.000402531	8.84622E-05	0	0	0.000702174	0	0.000729939	2.74768E-05	5.90956E-05	0.000333092	0	0
2002	11	0.000221827	7.15273E-05	0	0	0.000509322	0	0.000218888	3.50146E-05	0.000610827	0.000231386	0	0
2002	12	0.000206564	0	0	0	0.000124112	0	6.88608E-05	9.61482E-05	0.001104654	0.00031243	0	0.000298851
2003	1	0.000206564	0	0	0	0.000124112	0	6.88608E-05	9.61482E-05	0.001104654	0.00031243	0	0.000298851
2003	2	0.01418562	0.002078931	0.000132824	0	0.000402159	0	0.000307837	0.000233475	0.002601875	0.003042089	0	0.001491562
2003	3	0.006589144	0.000178056	0.000119522	0.000167079	0.002722355	6.41539E-05	0.000109692	0.000556836	0.000829316	0.000793817	0.000277681	0.00064448
2003	4	0.000443745	0	0.000671806	0.000133213	2.39759E-05	0.0006235	0.000187248	2.83841E-05	0	2.53553E-05	0.000140653	0
2003	5	0.001855768	0.000194036	0.000221024	2.25504E-05	0.000183123	0.000318201	0.000464637	0.000276863	0.000259254	0.000416901	0.0004923	0.000193629
2003	6	0.002530326	0	0.000151107	0	0.002813608	0.001582367	0.004769633	0.000503723	0.002000302	0.001884418	0	0.000394621
2003	7	0.003881665	0	0	0	0.000724	0.000180926	0.000707884	0	0.005748434	0.002320433	0	0.002676891
2003	8	0.003881665	0	0	0	0.000724	0.000180926	0.000707884	0	0.005748434	0.002320433	0	0.002676891
2003	9	5.60728E-05	0	0	0	0.000234506	0	3.48312E-05	9.58482E-05	6.39923E-05	0	0	0
2003	10	0.002373666	0.000352883	0	0	0.00317299	1.73529E-05	0.000307261	8.26699E-05	0.000168552	0.000301583	0	3.73404E-05
2003	11	9.49203E-05	0	0	0	0.000500127	4.39868E-05	0.000103708	0	0	6.43865E-05	0	0
2003	12	0	3.94076E-05	0	0	0.001511934	0	0.000136147	1.92028E-05	0.000201243	0	0	0
2004	1	0	0.000110909	0.000650024	4.78902E-05	6.38624E-05	0.002685497	0	0.000127987	0	0.024261818	0	0
2004	2	0.000202242	3.26058E-05	0.000177569	0	0.003195415	0.001859105	0.000966543	6.33719E-05	0.00020492	0.008619401	0	0.000174325
2004	3	0	0	7.69434E-05	9.67694E-05	0.000978644	0.000927642	0.000198721	0.00030481	0.001218975	0.003717233	0	0.00082433
2004	4	0	0.003231401	0.000267949	0.00017565	0.000829241	0.000497038	0.00046728	7.10467E-05	0.000399608	2.10437E-05	0	0
2004	5	0.001461542	0.001903989	8.67117E-05	0	0.002214483	0.00344173	0.001561953	0	0.00035521	0.001232368	0	0
2004	6	0.002707019	0	0.000143104	0	0.004165853	0.000703385	0.000864216	0	0	0.000130614	0	0
2004	7	0.000698627	0	0	0	0.002246188	0	0.00082275	0.000123262	0.000348115	0	0.000314084	0.000539434
2004	8	0.000698627	0	0	0	0.002246188	0	0.00082275	0.000123262	0.000348115	0	0.000314084	0.000539434
2004	9	0.001150639	0	0	0	0.000216014	0	5.84956E-05	0	0.000107333	0	0	0
2004	10	0.002785797	0	0	0	0.00043093	0	3.32325E-05	0	0.000116989	0.000410945	0	0
2004	11	0.000192365	0	0	0	0.000423052	0	0.000337627	2.23722E-05	0	0	0	0
2004	12	0.00019576	0	0	0	5.30315E-05	0	8.17763E-05	0	0	0	0	6.16341E-05
2005	1	0.002714122	0.000601619	9.18578E-05	8.38445E-05	0.003363497	0.000571677	4.38623E-05	0.001347807	0	0.007333039	0	0.000411719
2005	2	0	0.001897855	0	0	0.000735333	0	4.50743E-05	0.000152251	0.000448923	0.006530683	0	0
2005	3	0.001823485	0.000597625	4.6081E-05	0	0.000208177	0	5.88276E-05	0.0001996	0.000105266	0.000688366	0	0
2005	4	0.001786815	0.001471196	4.23212E-05	0	0.000181341	3.88656E-05	0.000160813	0.000134911	0.000101227	0.00060586	0.000161908	0
2005	5	0.002009065	0.002666608	6.85484E-05	0	0.000465128	0.000323953	0.003010986	0.002226555	0.001877925	0.002767029	0.0029464	0.001243518
2005	6	0.004416227	0	0	0	0.000409554	0.000288685	0.001300713	0.001907637	0.004444122	0.001261059	0.000724349	0.005985408
2005	7	0.00104991	0	0	0	0.000322293	4.39953E-05	0.001193784	0.004667483	0.004430098	9.69898E-05	0	0.005003753
2005	8	0.00104991	0	0	0	0.000322293	4.39953E-05	0.001193784	0.004667483	0.004430098	9.69898E-05	0	0.005003753
2005	9	7.30512E-05	0	0	0	0	0	2.75083E-05	2.64751E-05	0	0	0	2.1052E-05
2005	10	0.000117272	0	0	0	0.000261142	0	6.24758E-05	0	0	0	0	0
2005	11	0	1.93686E-05	0	0	4.98794E-05	0	3.17907E-05	7.45544E-05	0	0	0	1.64921E-05
2005	12	0	0	0	0	6.23169E-05	0	9.15716E-05	0	3.23785E-05	0.000120317	0	0
2006	1	0.000645361	0.007507024	0	0	0	6.87142E-05	0.000139676	0.000413254	0.000160586	0.001191476	0.000309089	0.000125262
2006	2	0.001366886	0.001480056	0.000102953	6.89278E-05	8.42884E-05	0	6.89959E-05	0.0007356	0.000595118	0.002052027	0.000325132	0
2006	3	0.00229024	0.000569117	0	3.7931E-05	5.21492E-05	0.000169369	4.85538E-05	0.000329852	0.000575365	0.000388161	0.000191798	0
2006	4	0.0049508	0	3.89935E-05	3.48223E-05	0	6.42958E-05	0.000156003	6.1142E-05	0	8.0678E-05	0	0
2006	5	0.000520564	6.32945E-05	0	2.57602E-05	1.84262E-05	1.59661E-05	4.48172E-05	0.000149571	0.000250619	0.000268245	0.000383934	5.15764E-05
2006	6	0.005358672	0	0	0	0.000319678	0	0.000206745	0.00193076	0.00310548	0.002267327	0.004106395	0.012252654
2006	7	0.001295554	0	0	0	0.000710035	0	0.000550922	0.001273324	0.01148912	0.000620395	0	0.004423981
2006	8	0.001295554	0	0	0	0.000710035	0	0.000550922	0.001273324	0.01148912	0.000620395	0	0.004423981
2006	9	0	0	0	0	0.000179462	0	0.00034677	0.000309255	5.19431E-05	7.93023E-05	0	6.64319E-05
2006	10	0	0	0	0	0	0	0	0	4.26682E-05	7.92777E-05	0	2.99926E-05
2006	11	0	0	0	0	5.84688E-05	0	0	2.97282E-05	6.3856E-05	0	0	0
2006	12	0	0	0	0	0	0	0	0	0	6.88066E-05	0	0
2007	1	0.003461373	0.001480255	0	0	0.00107762	0.000367908	0.000359287	0	0.002934397	0.005990775	0	0
2007	2	0.006542072	9.14773E-05	0	0	0.002114731	0	0	0	0.002902944	0.001176086	0	0
2007	3	0.001689735	0.001340557	0	0	0.000333733	0	4.9995E-05	6.32559E-05	0.000439113	0.001132761	0	0.000137581
2007	4	0.006151441	0.000161201	0	0	0.00014135	0	0.000201883	0	0.000277461	0.000192889	0	0
2007	5	0.002082941	0	0	0	0.000186882	0.000174806	9.21952E-05	0	0	0.000160572	0	0
2007	6	0.000342219	0	0	0	0.002580123	4.6626E-05	0.000186179	0	0.000162632	0	0	0
2007	7	0	0	0	0	0.000878456	0	0.000510489	0.002064892	0	0	0	0
2007	8	0	0	0	0	0.000878456	0	0.000510489	0.002064892	0	0	0	0
2007	9	0	0	0	0	0	0	0	0	0	7.99717E-05	7.45498E-05	8.30047E-05
2007	10	0	0	0	0	0.000170898	0	0	0	0	0	0	1.9898E-05
2007	11	0	0	0	0	0.000169537	0	3.62023E-05	0	0	0	0	0
2007	12	0	0	0	0	5.68227E-05	0	2.74395E-05	0	9.37602E-05	0.000448507	0	0
2008	1	0.004305592	0.000224215	0	0	0.00580542	8.85732E-05	0.000228024	0.000934567	0.000871884	0.000309573	0	0.000206921
2008	2	0.00465526	0.000260496	0	5.26697E-05	0	7.36359E-05	8.56488E-05	8.91225E-05	0.000295998	0	0	0
2008	3	0.005861089	7.99234E-05	0	0	0.000176812	0.00015904	0	0	0.000237568	0.00035574	0	0
2008	4	0.001120966	0.000739423	4.19965E-05	0	0.000188971	6.04783E-05	2.24836E-05	0	0	0	0	0
2008	5	0.00102683	0.000840656	4.77504E-05	0	0.000384323	0.000210028	0.00012603	0	0	0	0	0
2008	6	0.000695126	0	0	0	0.003548668	0.000239822	0.001393563	0	0	0	0	0
2008	7	0.00088591	0	0	0	0.000800739	0	0.000392076	0	0	0	0	0.000200525
2008	8	0.00088591	0	0	0	0.000800739	0	0.000392076	0	0	0	0	0.000200525
2008	9	6.55313E-05	0	0	0	0.00010929	0	0	0	0	0	0	0
2008	10	8.1428E-05	0	0	0	0.000155771	0	0	0	0	0.000107925	0	0
2008	11	0	0	0	0	0.000384045	0	7.01797E-05	0	0	0	0	2.15232E-05
2008	12	0	0	0	0	0.000164939	0	0	0	0	0	0	0
2009	1	0.028714558	0	0	0	0	0.000169168	0.000134067	0	0.003505582	0.00403357	0	0
2009	2	0.001441156	0	0	0	0.001648489	0	0	0	0	0.002811715	0	0
2009	3	0.003976101	0	0	2.7664E-05	6.56543E-05	0.000247105	0	6.00934E-05	0.000126963	0.000132837	0	0
2009	4	0.003581425	0	3.64121E-05	0	0.000223449	0.000235322	0	0	0	6.10151E-05	0	0
2009	5	0.004031668	0.000100824	0	9.08714E-05	4.20737E-05	0.000222058	0.000136743	0.000111768	7.99142E-05	9.82717E-05	0	0
2009	6	0.003762547	0.000111644	0	0	0.002467954	6.46193E-05	0.000863965	0	0	3.902E-05	0	0
2009	7	0	0	0	0	0.007168263	0	0.00048454	0	0	0	0	0.000334371
2009	8	0	0	0	0	0.007168263	0	0.00048454	0	0	0	0	0.000334371
2009	9	3.77401E-05	0	0	0	0	0	0	0	0	6.51905E-05	0	1.91139E-05
2009	10	6.73883E-05	0	0	0	0.000103472	0	0	0	4.96831E-05	0	0	0
2009	11	0	0	0	0	0.000105975	0	0	0	4.31927E-05	0	0	0
2009	12	0	0	0	0	0	0	3.24149E-05	0	0.000418969	0	0	2.36383E-05
2010	1	0.001008788	0.0011413	0	0	0.001227355	0	6.05085E-05	0.00026733	0	0.219468263	0	0.000111397
2010	2	0.000544582	0.000335462	0	0	7.7103E-05	0.000324267	0.000134039	0	0.00026431	0.003310388	0	0.000130324
2010	3	0.005999203	0.000289124	0	0	0.000693325	0	0	0.00011262	0.000156896	7.58411E-05	0	0
2010	4	0.008412129	0.001230686	6.14811E-05	0	0.000336665	2.20885E-05	7.12559E-05	3.79525E-05	0.000215145	0	0	0
2010	5	0.004600915	5.80241E-05	0	0	0.000252934	4.17466E-05	0.000701715	8.57257E-05	9.66121E-05	0.00058808	0	4.40859E-05
2010	6	0.005747814	0	2.34945E-05	0	0.000335819	0	0.000933954	0.00094125	0.003817446	0.001087497	0.000363695	0.001368084
2010	7	0.008105925	0	0	0	0.005776363	0	0.000361789	0	0	0	0	0
2010	8	0.008105925	0	0	0	0.005776363	0	0.000361789	0	0	0	0	0
2010	9	0.000169398	0	0	0	4.82777E-05	0	5.54877E-05	1.96643E-05	0	0	0	3.30619E-05
2010	10	0.000136157	0	0	0	0.000181829	0	0.000270173	0	0	0	0	0
2010	11	0.000136157	0	0	0	0.000181829	0	0.000270173	0	0	0	0	0
2010	12	0.000147546	1.67755E-05	0	0	0	0	0	2.35552E-05	0.000156456	0.00014712	0	0.000127224
2011	1	0.024434338	6.92581E-05	9.47187E-05	0	0.00148527	0.000134117	0	0	0.000151452	0.001733741	0	9.1255E-05
2011	2	0.008977166	4.45872E-05	2.99048E-05	0	6.30004E-05	6.51607E-05	0	0	0.000741062	0.004400984	0	8.5382E-05
2011	3	0.000947956	4.31457E-05	0	0	0.000226253	0	0	0	0.000159266	0.000957176	0	4.29087E-05
2011	4	0.001295874	0	1.31434E-05	0	0	5.8963E-05	1.75208E-05	9.17875E-05	0.000171515	0.000410289	0.000872696	0.000369877
2011	5	0.002429492	1.77445E-05	0	3.56661E-05	0.000141037	4.50332E-05	6.8664E-05	0.000702828	0.00047273	0.001371017	0.001252142	0.001233751
2011	6	0.005558368	0	0	0	4.2555E-05	4.21585E-05	0.000275959	0.001652264	0.000363553	0.013804088	0.000332343	0.004412612
2011	7	0.001427702	0	0	0	0.000667204	0	7.00235E-05	0.00230419	0.000668622	0.000972336	0.000336232	0.01080065
2011	8	0.001427702	0	0	0	0.000667204	0	7.00235E-05	0.00230419	0.000668622	0.000972336	0.000336232	0.01080065
2011	9	4.3538E-05	0	0	0	0	0	6.01951E-05	0.000281328	0.000619768	0	9.29146E-05	5.01434E-05
2011	10	6.34253E-05	0	0	0	0	0	3.58214E-05	0.000727363	0.000505936	0	5.1299E-05	0.000101792
2011	11	0.000373928	0	0	0	0.000258448	0	2.8846E-05	0	6.03315E-05	0.000671978	0.000105522	2.1487E-05
2011	12	0.000190053	0	0	0	0.007536267	5.52095E-05	0.000370967	8.45598E-05	0.000739128	0.000866971	0	4.89207E-05
2012	1	0.022163147	0.000294966	0	0	0.001621513	0	0.00118401	0.002041167	0.016134761	0.004177623	0	0
2012	2	0.001123418	0	0	0	0.001747685	0.001024632	4.95675E-05	0.000169861	0.018739981	0.005697219	0.000382068	0
2012	3	0.012857962	0.001904665	1.28043E-05	0	0.001076733	6.30823E-05	0.0004611	2.90169E-05	0.001397857	0.00069076	0	0.000196283
2012	4	0.000897565	0.000282747	7.11694E-05	2.81772E-05	0.000455362	0.000254654	0.000354224	0.000112134	0.000883787	0.000755309	0.000447922	0.001125631
2012	5	0.007727911	0.000141326	9.89635E-05	0	0.001715089	0.001080899	0.003445061	0.000884319	0.000896448	0.002211945	0.000226676	0.000260717
2012	6	0.00545511	0.000169938	7.65899E-05	0	0.002388759	0.002029177	0.002173547	0	0.000501172	0.000996225	0	0
2012	7	0.000840374	0	0	0	0	9.52853E-05	0.000421397	0	0	0	0	0.000194073
2012	8	0.000840374	0	0	0	0	9.52853E-05	0.000421397	0	0	0	0	0.000194073
2012	9	0.000840374	0	0	0	0	9.52853E-05	0.000421397	0	0	0	0	0.000194073
2012	10	5.67269E-05	0	0	0	0.000267927	0	0.000407997	0	0	0	0	0
2012	11	8.14125E-05	0	0	0	0.000393626	0	9.84971E-05	0	0	0	0	0
2012	12	0.000107531	0	0	0	0	0	0	2.72973E-05	0.00024391	0	0	5.06913E-05
2013	1	0.003301193	0.000252732	0	4.85877E-05	0.000192067	0.000964619	4.45302E-05	0	0.000544448	0.001737239	0	0.000274208
2013	2	0.0076013	0	0	0	0	5.23949E-05	0	8.88131E-05	0	0.004070529	0	0
2013	3	0.003009731	4.69543E-05	6.72049E-05	0	0.000935887	0.000455884	9.1516E-05	6.15923E-05	0.000407902	0.000559381	0	0
2013	4	0.001973691	0.000180933	9.12798E-05	0	0.001153181	0.001149577	0.002899723	0.000306749	9.20773E-05	0.000114649	0	0
2013	5	0.002979182	6.42546E-05	0.000162016	0	0.001401935	0.002892556	0.002528735	0	0	0.001803015	0	0
2013	6	0.002400508	0	0	0	0.006146622	0.000408543	0.001520094	0.000109925	0	0.003079492	0	0
2013	7	0	0	0	0	0.001157648	0	0.000179629	0.00060606	0.004902038	0	0	0
2013	8	0	0	0	0	0.001157648	0	0.000179629	0.00060606	0.004902038	0	0	0
2013	9	0	0	0	0	5.41299E-05	0	0	2.53616E-05	0	0	0	3.87665E-05
2013	10	0	0	0	0	6.13837E-05	0	6.57019E-05	0	0	0	0	0
2013	11	5.72026E-05	0	0	0	0	0	7.03361E-05	0	0	0	0	0
2013	12	0	0	0	0	5.58248E-05	2.27345E-05	7.04185E-05	0	9.30045E-05	7.47288E-05	0	3.55591E-05
2014	1	0.000133507	0	0	0	0.001193474	0	0.001082683	0	0.000980298	0.008115009	0	0
2014	2	0.000272185	0.000466308	0	5.41184E-05	0.000199413	0	0.000334238	0	0	0.001960416	0	0
2014	3	0.002687066	0.000204484	0	0.000192943	0.000253058	4.9547E-05	2.24822E-05	0	0	0.000979737	0	0
2014	4	0.001526099	1.86875E-05	9.00461E-06	0	0.000165176	8.11988E-05	0.000131098	2.95647E-05	0	6.59605E-05	0	0
2014	5	0.003089273	4.47916E-05	0	0	0.000278776	0.000294321	3.48839E-05	0	0	3.32633E-05	0	0
2014	6	0.000517049	0	0	0	0.000854369	0	3.72146E-05	0	0.000176822	0.000113804	0	0
2014	7	0.000517049	0	0	0	0.000854369	0	3.72146E-05	0	0.000176822	0.000113804	0	0
2014	8	0.000517049	0	0	0	0.000854369	0	3.72146E-05	0	0.000176822	0.000113804	0	0
2014	9	2.63997E-05	0	0	0	0.000159007	0	0	0	0	0	0	1.50442E-05
2014	10	0	0	0	0	0.0001659	0	0	0	0	0	0	0
2014	11	0	0	0	0	0.0001659	0	0	0	0	0	0	0
2014	12	0.000130981	4.37875E-05	0	0	0	1.07556E-05	6.58046E-05	8.29171E-05	1.92491E-05	0	0	3.39882E-05
2015	1	0.001460158	0	0	0	0.000398476	0.000381166	0.000109532	8.35778E-05	0	0.000563828	0	0
2015	2	0.000370786	3.93724E-05	4.28284E-05	0	0.002603459	0.000804092	7.29637E-05	0.000517859	0	0.001789104	0	0
2015	3	0.000135864	0	0	0	0.000144616	0	0	0	0	3.28414E-05	0	0
2015	4	0.000466668	0	1.19236E-05	0	7.4092E-05	3.369E-05	0	0	0	0	0	0
2015	5	0.001089857	0	1.21239E-05	0	2.16772E-05	0	0	0	0	0	0	0
2015	6	0.000296302	0	0	0	8.16686E-05	4.47819E-05	0	0	0	5.3612E-05	0	0
2015	7	5.43893E-05	0	0	0	0	0	0	0	0	0	0	0
2015	8	5.43893E-05	0	0	0	0	0	0	0	0	0	0	0
2015	9	0	0	0	0	0.00019927	0	0	0	0	0	0	0
2015	10	2.73991E-05	0	0	0	0	0	0	0	0	0	0	0
2015	11	2.73991E-05	0	0	0	0	0	0	0	0	0	0	0
2015	12	0	0	0	0	7.08982E-05	0	0	0	0	0	0	0
