2.37121884330983 1.21317169069463 3.19864386792453 1.60297716151041 1.81330616822214 2.18574071179861 2.38199796816796 2.60429266220527 2.79422152830838 2.93138269283868 0.143093714066391
0.90379007669067 0.338639606633243 1.50449259716225 0.578441688988467 0.631177402422553 0.792144224055492 0.899713440982488 0.999013211268187 1.11441920075151 1.25504338507738 0.187950719419139
1.19650868241672 0.477254743641502 1.90882352941176 0.705480264234078 0.771975132493498 1.07524805021316 1.22334408255401 1.35188506622364 1.45535422969102 1.59325250163426 0.19244400844426
2.27987473577865 1.14646859083192 3.31925007169487 1.51871654545455 1.63624652097204 2.02461071571924 2.30098406988695 2.54021801118162 2.7651908358465 2.99228067237734 0.169750697271045
1.67576411746569 0.860815757364476 2.76821439604572 1.13576677049447 1.19911046135062 1.45298957592691 1.66490759753593 1.87429880790604 2.03004614219518 2.35772456804597 0.185546241087893
0.705383944445509 0.312336521064875 1.29066506024096 0.468424912180955 0.486530622228211 0.606257808561353 0.694799779066556 0.80069408197969 0.882526095808881 0.98046229247007 0.205719865306494
0.797903592163526 0.438700095057034 1.41611253196931 0.52015212711318 0.547294533150445 0.686671115968796 0.780423387096774 0.882693253742088 1.01138377897042 1.13418299915078 0.196747285891861
1.22876613123214 0.736711798839458 1.75349880857824 0.91049709833922 0.923625830989039 1.1008236083557 1.20954175905395 1.34180675720277 1.4788747966845 1.64333702657044 0.152549016275824
0.564895644064432 0.336743119266055 0.819353869271225 0.415286767646691 0.433683590132267 0.504871959340704 0.560994854202401 0.619458651168897 0.671184929333237 0.746739157405931 0.15206015642684
0.604384210817053 0.369027712541099 0.872669082125604 0.427546875120842 0.470393090593845 0.533040319531676 0.598398713826367 0.664373491310871 0.727430552531311 0.799279179413842 0.157225876892988
0.933038538413859 0.430801043219076 1.42880146386093 0.665226651205468 0.695219341974806 0.826709446724002 0.933635940409683 1.04356701287469 1.12499010256163 1.23964009279173 0.162658178976095
0.616810485921669 0.292371584699454 0.87785687523417 0.458809092112833 0.47744452190721 0.563588064740677 0.612474377745242 0.664466754443713 0.73336066885726 0.801113103751879 0.140209416519669
0.725777928493792 0.251716247139588 1.15940311804009 0.415693089884847 0.472423344429227 0.626108050870288 0.7265625 0.818584536082474 0.90584269113127 1.03266989935176 0.207069438324349
0.997969052636556 0.532175572519084 1.59357493857494 0.691033827606806 0.728576023364519 0.882094281251268 0.976890756302521 1.10719189392654 1.22095438484343 1.36417826975299 0.174158864783688
0.854770135875098 0.447083333333333 1.24939449236894 0.593498461858288 0.648577744444259 0.773456976756067 0.848867235079172 0.94201533015897 1.02132720603473 1.13055814048042 0.154659387675373
0.81224528809406 0.533957482584674 1.14453961456103 0.596034862291237 0.648783436659722 0.725861547348903 0.803956272774597 0.88463443529569 0.964662242810634 1.05364238328638 0.139109277439877
1.04413141631043 0.615288729128015 1.51461051930759 0.719008769629384 0.777308272117534 0.949984457732786 1.04882156133829 1.13956166240338 1.22779315387459 1.39520452261591 0.150036559917441
0.603323394042009 0.364408371344245 1.06443235572375 0.416326656209698 0.436628879674794 0.534736715117015 0.60267593397046 0.655567112836634 0.722735518065094 0.839559394767892 0.168709794616638
0.503735780773183 0.298807803468208 0.752691858768602 0.350916307920596 0.370600926458583 0.446299728221086 0.495353871773522 0.556162455993002 0.61970453198292 0.680131849679471 0.16567613040968
