1.35280174990564 0.675060402684564 1.94789091818864 0.869534015561188 0.974823230381796 1.21008733559772 1.37051349489377 1.49525513354347 1.62225106583913 1.78659186915888 0.164481833058637
0.761257146513378 0.359762979683973 1.26145407614541 0.460481108072632 0.507047943834924 0.659145608167531 0.7616375436926 0.85980395662964 0.943477035476223 1.06580228783288 0.202757160128127
1.20573329306469 0.41998905109489 1.89161073825503 0.64031465421204 0.770666529021723 1.053745113638 1.2106716837257 1.36496475526925 1.51262137298068 1.66981643798144 0.207095181185313
1.86353017260781 1.18089006222893 2.54341404842906 1.33159096602799 1.42216269190183 1.68338735881251 1.88803591425286 2.0271062499832 2.18101369110869 2.38684264226876 0.14085002745574
1.70946665067042 0.996744765702891 2.49564725833804 1.18333797678215 1.23196808345163 1.52512361198199 1.71346956009321 1.90886787429349 2.03876658759675 2.27110124300763 0.161166583632537
1.4653606814737 0.858 2.21637173774666 1.01909643973455 1.05418493640343 1.2757203523809 1.43852787758232 1.65398491441733 1.82899339701884 2.04703057391128 0.185345359045703
1.61151246335775 0.713570061662768 2.73460051546392 0.982073071263735 1.07988570695045 1.39449971996692 1.60507624632964 1.84580165470311 1.99412106918615 2.18377000699924 0.198224121459663
1.89287035502472 1.16848030018762 3.01193425440686 1.41593902216407 1.47050786595216 1.64982874207879 1.87320618493937 2.08299981428033 2.27942221707752 2.6148872266989 0.160744072265262
0.875416723982817 0.480013186813187 1.2723112925712 0.631395641009145 0.668537904967603 0.767049013838207 0.870493713316322 0.965171681567724 1.0750213269504 1.15859019111146 0.162093124273694
0.704198627550168 0.38991669336751 1.0348441689008 0.475460195983084 0.529418452380952 0.622214471818946 0.698763204748728 0.784963417136439 0.846054752388947 0.947263478765233 0.165106460582075
0.996464552223542 0.604521625163827 1.75124264705882 0.6903216964654 0.721257456544453 0.89347102152118 0.983227092247065 1.08010050802572 1.20775850138414 1.38398884405547 0.168120400200439
0.372176549320819 0.215769976308421 0.554990389235944 0.254011749206059 0.274318867733726 0.328077212293094 0.370770060923528 0.416064024978257 0.447175196035955 0.490785238656865 0.165139062299953
0.52516906730193 0.219728070175439 0.876024759284732 0.344588801088811 0.361185714989267 0.458857112419501 0.516601496830007 0.590148295250754 0.653685110653292 0.727884018023639 0.190907025297522
0.821848792473753 0.484946666666667 1.33170027678924 0.584995737227273 0.630850418402121 0.72940484364428 0.814840694192987 0.908301854853865 0.979937647551027 1.11487203680797 0.162921820711686
0.487747937703217 0.290049504950495 0.799645748987854 0.337181307809121 0.35050297986403 0.436287887970308 0.486461634452961 0.539064856318449 0.590972653391786 0.647191091269379 0.167139389842106
0.446840028563177 0.215570197668525 0.720018254837532 0.282792320280841 0.305539354445873 0.38230699365921 0.445912045037061 0.502386244276323 0.555547202734175 0.621774288207363 0.200035504766272
0.583560737146378 0.236754176610979 0.951412429378531 0.41079866595034 0.443892967893226 0.517517769388149 0.578191617616902 0.644596326064012 0.709064084772147 0.785536437267219 0.166316589939597
0.401444369354331 0.234169224024551 0.640828907435508 0.280962315386816 0.296297589366656 0.353485240132601 0.394531377491255 0.449594777062184 0.49141451734934 0.540490983227096 0.174141785644589
0.412445590343038 0.242986963190184 0.704468962172648 0.284860175042467 0.307410300634534 0.359387475982629 0.412702657146965 0.457957182498709 0.50831635091714 0.561699839439876 0.172209649527267
