1.17769621764706 0.490024067388688 1.77059272449758 0.81904444603213 0.887377564407842 1.03901766775199 1.18743983528538 1.30622566284611 1.43148108204095 1.50033943824041 0.160342487834731
0.811091493667616 0.399761526232114 1.23129005293954 0.518398341797713 0.554361857317581 0.69391459051537 0.81540161971797 0.923180659254666 1.01623243891262 1.10542804522463 0.196441408948625
1.131679007019 0.512224739465338 1.87195442594216 0.733541515672151 0.784230321921595 1.00036771650751 1.13655672791882 1.26345514472862 1.3914277313597 1.56128934272433 0.18653679235072
1.87564420691272 1.10636529126214 3.08563179136914 1.41420242372909 1.47874555847733 1.71378846291081 1.85961171107136 2.04439912469167 2.18723769749506 2.38100876031916 0.136526665799675
1.96172093940943 1.16574368932039 2.61654901304784 1.37845510343466 1.46399525111097 1.7727816281095 1.96060794868347 2.1828549132683 2.35094748273334 2.52683700655398 0.150313996383722
1.45167856398468 0.810959616561289 2.13590799031477 0.998951791495213 1.06048637780523 1.27600881445374 1.4457672704256 1.6150087762319 1.78274438884708 2.00745343655246 0.175134995151486
1.57554157372975 0.642416686937485 2.50861360969887 0.878532573758658 1.06021234747738 1.38711562128186 1.60975786858794 1.77847416405342 1.92394626675116 2.09954356200556 0.193077201816014
1.8175235540654 1.22298730064973 2.98726322664925 1.28218447643769 1.36143065961302 1.61588601049318 1.78853915201955 2.00505268728271 2.18342798728261 2.45775987498895 0.163890294600109
0.860297553583525 0.488760419467599 1.24977467575291 0.616654736286017 0.64831450802793 0.78220430616081 0.857233315035299 0.944339229064618 1.02757015584851 1.100440961006 0.147492951483341
0.685695050983528 0.390267387492694 1.03715341959335 0.461687723446069 0.489034852606387 0.613272507407022 0.683587260841382 0.760079716141668 0.823052829875474 0.897360588788482 0.159022619922613
0.979546660777873 0.62970759021153 1.53228962818004 0.715612647704167 0.742030149883442 0.862452481308869 0.967917810170119 1.0861633599176 1.18094037962038 1.3063422344908 0.161344245020542
0.30329049266179 0.190257996731263 0.456575481256332 0.208430993110375 0.220931040341154 0.267955548566608 0.303384006665372 0.332702395451347 0.367127009573495 0.416330647880441 0.165419857909096
0.542104117892327 0.278295243977764 1.05232342007435 0.328665130895038 0.361847688026616 0.465727773387517 0.534918302563894 0.614248574820468 0.69396134283711 0.784996202134517 0.213250579078171
0.825533700405745 0.50398866974402 1.28649678972713 0.572636051530726 0.612995286900845 0.736578292433699 0.816078564843516 0.916742688497734 1.00567897859754 1.09977032086228 0.16781501889303
0.479139515519652 0.299195979899498 0.730763118994826 0.349961018205977 0.366080399616066 0.418593029373651 0.473172051458313 0.525534822174935 0.591844746570279 0.647626875486743 0.164845009073817
0.44764085231698 0.226128751631144 0.709243509400179 0.287583912906871 0.315268158353746 0.386751606114311 0.442037923491872 0.495363830631346 0.57022714428971 0.632410729776621 0.195847663576603
0.559311849874659 0.344955533596838 0.866219054763691 0.375313417552451 0.405818621667762 0.498891919815658 0.555115007454575 0.613135574869704 0.673343114807381 0.755100950891954 0.16252081141223
0.400636259483935 0.236320508031378 0.648683274021352 0.268941655683442 0.28687089547847 0.34885500397608 0.401515257181583 0.44705427242496 0.494192320445301 0.531862358337718 0.173852105664213
0.417609279009937 0.25909317389138 0.671184357541899 0.283130226333091 0.311569768927425 0.365592836183359 0.415678525752819 0.455689971103406 0.513778544516718 0.571507018101223 0.177060083301678
