2.34000005800935 1.01133967156439 3.11152705243367 1.61018707100875 1.76743548812021 2.12182580481758 2.36527091935952 2.58188162593816 2.78197494961182 2.93172861494461 0.149727216931171
0.893596980798182 0.35283729691547 1.66898761835397 0.566079342250316 0.629359665277641 0.79627352174747 0.892876012741924 1.00110959303651 1.0911281177152 1.18794998841568 0.181140002315333
1.19121130030271 0.397766233766234 1.93078947368421 0.735682406687403 0.814149364538541 1.05269141835306 1.19280333056012 1.33819685444021 1.46464700826741 1.63906978475828 0.192731902941405
2.30464427458467 1.23797407328048 3.1482910673732 1.47458614182836 1.61186956923411 2.05681984959716 2.30964313667056 2.582455995633 2.80655031205326 3.01861573613413 0.172932460415401
1.6281545919471 0.482572191455696 2.62018579234973 0.90792631160088 1.06750599017251 1.46800859283473 1.64590805778083 1.81232301736239 2.01482664560153 2.26383495370326 0.197155678295611
0.716377117031079 0.291308982035928 1.41436880370126 0.444508799283154 0.46354996096286 0.590216720857709 0.705483334956121 0.827624699020711 0.927395368894419 1.07884174656166 0.235417659559302
0.795631616011289 0.371451612903226 1.53809523809524 0.503871465996682 0.529886392993004 0.676527900559086 0.77894343239444 0.898671289030712 1.0094867213469 1.16353467362782 0.216577070095368
1.19256773886167 0.764143314651721 1.73175162689805 0.865594149162761 0.901182489211957 1.06453850568805 1.19040018633635 1.31164960508065 1.42785695799237 1.53856839367503 0.148941948337662
0.557758036803279 0.353033800494641 0.789361924686192 0.408090588875266 0.432274704228987 0.50068724333429 0.543627372358853 0.607835989635186 0.689420218925175 0.740732541657678 0.154825592273392
0.60616403969447 0.354914169333721 0.937852082742986 0.424654826969045 0.443701817207883 0.538940491071065 0.597506794814809 0.668766016163306 0.734963420377143 0.824864576002739 0.165898166649299
0.931543343928016 0.49676282051282 1.29701814516129 0.685337467570054 0.714442460473466 0.844148063478605 0.933302787002054 1.01205054583863 1.11065645761046 1.21889828459347 0.146021492817867
0.620706502964663 0.387849052919352 0.880196253345228 0.439285592364593 0.472117788378306 0.561449115078693 0.621298159460215 0.679677083870619 0.729983557836297 0.806232889107792 0.145826373958493
0.728849487287068 0.221172723866617 1.29896551724138 0.467741878841089 0.50629394060837 0.64503865859782 0.731439615700032 0.8184672206668 0.887708830278161 1.00482264288619 0.196139595468517
0.989910176365623 0.527691818567189 2.05692800788955 0.684052815679926 0.724050361519938 0.879157839825119 0.968089574936553 1.08381221680086 1.20031190927288 1.38608635752688 0.18614892495838
0.855687970530531 0.525195458465076 1.2299397236107 0.610990811690692 0.639902173419099 0.772525631552364 0.856234439509611 0.934218709191648 1.03291061521622 1.11838719111368 0.151562588945741
0.800916532594051 0.4449376114082 1.14728389830508 0.561477061363434 0.616120443276019 0.711638693397487 0.791692218406374 0.882399626236391 0.984560312117823 1.07483753720447 0.160805002040929
1.06263661128763 0.642545652766421 1.45293797874969 0.769217443561341 0.810421901072203 0.962522372061706 1.06063018349244 1.17102950880477 1.2519678771217 1.39349492610831 0.145637569859934
0.604019811801124 0.349389630002517 0.951694316436252 0.437234366194584 0.463281591817046 0.541689481921427 0.604678508253936 0.657994541535867 0.716617505469249 0.792901866515837 0.154267736421949
0.505705333597485 0.285347088314693 0.699975676497416 0.359622094361799 0.383309253140278 0.453315169071324 0.504703649284735 0.550399738324915 0.608507803391319 0.648787276351163 0.149613442285518
