1.83040494462729 0.562713377983857 2.69593045112782 1.1242107837621 1.24593786413258 1.65063694267516 1.84175339366516 2.04272275297329 2.20071191707567 2.43466081410818 0.176339023044096
0.662054588596369 0.311311162889218 1.21457411504425 0.373523550319841 0.418925267347753 0.571188732394366 0.661604573957949 0.754232239887301 0.83586214708115 0.952500165988943 0.220039001478363
1.12688057084279 0.397976470588235 1.80945173745174 0.660623474161923 0.747010443307758 0.974572538860104 1.13653388515261 1.2813934681182 1.42481103289951 1.57381952996093 0.209230072741444
1.90438373265121 1.07328159645233 3.15957098011859 1.2812689453125 1.41254390416097 1.69650345180261 1.90540894628486 2.09674576271186 2.27299227691792 2.51321250527206 0.162657475453973
1.3343111045984 0.618882047958522 2.40231017191977 0.841684203305225 0.958814882856685 1.15908707017897 1.33726073345259 1.49060917550314 1.65895757151438 1.85244660089466 0.191592923530749
0.670137764078884 0.330254712175242 1.04463923337091 0.39806160439834 0.43700801225841 0.585513498469246 0.666419892625035 0.764204375932372 0.858013062131923 0.934891702568901 0.204938237839601
0.730098511563686 0.2947578125 1.25731699554424 0.403995009974607 0.482114475292474 0.600469107551487 0.719097222222222 0.82925642087821 0.974702667444098 1.1199420543946 0.242180458948463
1.21368140831851 0.756256851996868 2.15136186770428 0.865934528474692 0.929943842921784 1.06635463378176 1.18507962359754 1.33684448755254 1.46418241146041 1.68559419941097 0.176966905365881
0.525576018714762 0.207250128139416 0.839650701243715 0.376368198358546 0.395842233839329 0.465937247508753 0.518066324147595 0.57957336523126 0.634224755700326 0.717948562198628 0.169013861217458
0.575171627274156 0.309811107978573 0.895819070904646 0.378925562427913 0.408519013910786 0.516904555314534 0.578475177304965 0.629749403341289 0.698400912736911 0.769172651147589 0.169124881893183
0.833727425635963 0.431528384279476 1.37129196770081 0.56772171672904 0.601035713439387 0.73520050922979 0.825819598441714 0.915803939532753 1.02621746114559 1.15742635841694 0.179621379191316
0.495636883508528 0.256933045356372 0.777053001277139 0.353135592256744 0.372512386663465 0.441939611054248 0.492187404463467 0.54938767936665 0.597075345193475 0.651948890992096 0.163302204337449
0.674927652762849 0.265074626865672 1.13701219512195 0.416011378343399 0.487332383478108 0.586735218508997 0.675204646017699 0.752964601769911 0.831191090781399 0.924312030392571 0.188678481745284
0.970126329305473 0.514102564102564 1.74974326862868 0.693356166494964 0.725762091685508 0.865600334448161 0.958661844484629 1.07816246498599 1.16201441519206 1.26127293588575 0.167073028359102
0.886078439558005 0.532182498709344 1.26560073937153 0.612484531216204 0.667787467875418 0.792543859649123 0.882706058951965 0.975944584382871 1.07410914405514 1.17102363433128 0.156988873561289
0.781393825903706 0.460236418511066 1.16488715953307 0.558856041040949 0.594685829506697 0.692394991922456 0.766698039215686 0.858535402521824 0.938876486760904 1.05350978453183 0.160942683339081
0.791425221134224 0.473474993521638 1.12265344467641 0.5753532722875 0.599824280360932 0.708622228231476 0.79432706880873 0.86448843310279 0.960428799505663 1.02812591523418 0.151616564803111
0.532422688219273 0.280834621329212 0.840688796680498 0.383017580659506 0.405735249656282 0.473271165129925 0.519778380102041 0.589434872501723 0.657414776148785 0.72197387334189 0.169791743951339
0.494809440928613 0.272266578686902 0.759750492449114 0.339080794705252 0.359092085720501 0.436512829650748 0.49266137040715 0.547455533596838 0.604231592157098 0.657791341914558 0.167350261303197
