2.36192250676434 1.2288614298323 3.20067258883249 1.67708814191922 1.82044077117494 2.1783525413773 2.36103144778481 2.5770951688231 2.75207146539116 2.93284050062907 0.131075992548835
0.900712549561483 0.340353063343718 1.53465230166503 0.530598856007946 0.598316764433467 0.800752588879877 0.916930402930403 1.01144103537912 1.11258214851162 1.20480325675769 0.193953111668408
1.21141522924798 0.516797302991993 1.93305828917487 0.72073697904927 0.800706540787969 1.08226694326159 1.22540049291436 1.37480559498841 1.49571065992022 1.6236427350742 0.192591198826973
2.30897462667603 1.29664845968975 3.14112791318271 1.56050556658795 1.66603895148621 2.05841945184149 2.33231458123108 2.5842354111242 2.78983401882701 3.00538894155999 0.162085633824877
1.65105916100221 0.714534905483811 2.69704165828134 1.09115387495969 1.18518116648382 1.47736092828274 1.63622695543225 1.81904632073696 1.98030161665982 2.32880814775596 0.181779206377592
0.698332024327122 0.305742982230234 1.39901285046729 0.415626088820501 0.457306278535315 0.591676946362805 0.68611305962451 0.799951566867144 0.896492621398445 1.02550643525921 0.22835111874239
0.79625929121613 0.466902764067127 1.38164634146341 0.5388299035718 0.572353840202431 0.692713482275568 0.783237082066869 0.873891205302359 0.997754619384785 1.14478827864613 0.190539022576781
1.20163960875598 0.728060486522025 1.65674936921783 0.865963746339867 0.92131970845973 1.07939413104585 1.20171406310869 1.32756151749368 1.43025155184126 1.5281746339162 0.142320568265027
0.556525292968987 0.276550665301945 0.960854348944931 0.385677669309848 0.408544265926384 0.495356387772569 0.553501029041848 0.612682226241823 0.672751840550301 0.76108638996139 0.169128037962367
0.605149867991481 0.369828280118057 0.937682363804247 0.432971862796861 0.451270403701384 0.53650763370509 0.604854513064133 0.66945333817191 0.727325959032771 0.805025704382896 0.160095075061344
0.925290222485048 0.55719336795845 1.73120593692022 0.648610333513238 0.686454320554566 0.811970536664239 0.910884604479728 1.01861247786364 1.12602591918002 1.2853453148588 0.173851988192994
0.617469004937813 0.37732181425486 0.858484728804634 0.45366356266433 0.483876737808102 0.549085069444444 0.608778041699657 0.683606602722007 0.740824611677329 0.810258398218479 0.14924502437926
0.718665886191307 0.339818024263432 1.10648623425105 0.446063671519315 0.49162664658208 0.626014932481079 0.721670428893905 0.808143985477348 0.887979064336603 0.997426357955916 0.190557380398674
0.99333032165921 0.558321513002364 1.72161442933176 0.701944763350114 0.741671976177537 0.87061787605137 0.986303630363036 1.09261032366071 1.21619995132475 1.31897913846201 0.16827614176242
0.870934620745633 0.468193548387097 1.23542915279319 0.618397691354985 0.677217507103795 0.781056681805855 0.870094288056846 0.951306666666667 1.05748723429463 1.14935644482929 0.15328001501773
0.803190930318163 0.459392048752176 1.1923646049127 0.587374260807974 0.615847057453234 0.71852079698687 0.800891849529781 0.880374535420932 0.960841855354028 1.06043348299214 0.14984409730163
1.05587039277843 0.604202127659574 1.61919592298981 0.766246661101836 0.804832624911926 0.95805634960047 1.05065645514223 1.16753883862791 1.25440171069023 1.35164532346913 0.149437975454053
0.612858440918455 0.407687741169486 0.906589908567558 0.435908912575855 0.460062163711114 0.544327088212369 0.609743775332947 0.67289016496555 0.737251708325131 0.827115170617867 0.156656166608479
0.504815788750002 0.281862197392924 0.740321739130435 0.372831807110132 0.394012824943272 0.451435481045774 0.505497412305923 0.553803923539417 0.60248680692776 0.658774399150106 0.151439518556577
