2.31043893651322 0.985105754276828 3.20450667815597 1.54251921927144 1.70067207831412 2.13579012276831 2.34611134556932 2.54032213093575 2.71238827646737 2.88086230724848 0.146941970245989
0.893022294500216 0.400852080430022 1.34280213903743 0.591927424828437 0.630779255707285 0.790638637484256 0.900874613543701 1.00273669869456 1.08685463814147 1.1802484536475 0.179948992481201
1.16475326759709 0.441926751592357 1.8423564753004 0.702335568870804 0.782148840931476 1.00364035426474 1.17743421052632 1.32505172830505 1.46486709621267 1.58991575398698 0.200487970291675
2.27887984093301 1.01106560347952 3.55860709592641 1.42441051999121 1.59425596539657 2.01365906101477 2.29677408780069 2.54066651366719 2.76510232442533 3.01212205361469 0.17586363350643
1.65716821969043 0.49208095540055 2.78026518804243 1.02960392155898 1.12852648347098 1.4718546195033 1.6644944519775 1.83889572221519 2.0413966926827 2.2900266583354 0.185121931959711
0.704511427631559 0.310801999565312 1.32743219974171 0.412415983586854 0.457546443539326 0.599488346992523 0.685561269534505 0.799462077854703 0.905952766220472 1.04214298696757 0.225683838429359
0.793542191431541 0.351668026101142 1.4179273827534 0.528874978708908 0.571198306764507 0.683156586984136 0.775269914048223 0.877837390503539 1.01043686509178 1.10741783085618 0.198333818244668
1.20621808836451 0.73369035702369 1.8431724137931 0.905357626662661 0.937000532893282 1.07335598657459 1.19727067018818 1.31423724593286 1.43476026173624 1.57033469695739 0.150261489525909
0.565525744038312 0.311046701058919 0.839528178243775 0.413949332579131 0.430796015850057 0.503744223334528 0.556939083133005 0.621543723475973 0.680903206006979 0.779472976251913 0.160007369564503
0.598439978217795 0.317379497623897 0.988527106466362 0.419700940864585 0.450354082320459 0.538639081271819 0.591283975646863 0.657397887164734 0.71310810241691 0.79264656448203 0.162553820532079
0.934364595948047 0.545804071997639 1.34490375360924 0.644784533913753 0.722940060521823 0.82847757408178 0.917685342596745 1.0389054400129 1.13643085029436 1.23129063932968 0.159202672718263
0.615498465759811 0.427993366500829 0.920972546728972 0.459240141321828 0.477357743308217 0.552054109270828 0.615258497438477 0.677922442825814 0.726827246370061 0.810990018971281 0.143451652250045
0.702361680544965 0.24516393442623 1.09124164278892 0.41656877956747 0.457773245895414 0.607325960332736 0.699600469058257 0.796733728715231 0.884130526646941 0.98590389188222 0.207994565551234
0.997099190823556 0.547137970353478 1.67624082721815 0.694615167816666 0.739168537528329 0.872288533774342 0.989637251531589 1.11012333440712 1.21376709305603 1.37543363049791 0.175013277332179
0.857878394848454 0.477429111531191 1.36032516800347 0.616881437782994 0.657375757421248 0.775946192198967 0.858170454689235 0.926861397978809 1.01317394856799 1.14022732311172 0.150531080411133
0.811754730967245 0.507422192151556 1.3814349112426 0.590310644982278 0.626631302290563 0.733308987454971 0.800522147091239 0.884241871380353 0.968643314454568 1.06998252128303 0.150756010747657
1.04628895193954 0.654530722484808 1.50273102075633 0.757908625730994 0.792117350447388 0.932559476609387 1.03605304384546 1.15755825170765 1.2436282984201 1.39063336378166 0.150704319639344
0.597396640999848 0.348555023923445 0.992511642347097 0.425153521015934 0.445552449347913 0.534945106506155 0.58926022524145 0.658334158030664 0.714129243437403 0.793891301068694 0.159416389971047
0.502370914445047 0.334787564766839 0.787943752881512 0.368186428419611 0.385890017666033 0.450135785345052 0.498010466027945 0.548017157604575 0.602946102776873 0.665157932704767 0.151880793010047
