1.44204575560807 0.521071910545595 2.10971595137683 0.946837211104387 1.06336539925167 1.30287077910914 1.45730110715756 1.59571851033735 1.74622694801658 1.86820430850193 0.164990071421393
0.794659920456565 0.316487954652811 1.29117774343122 0.465004537648371 0.517908366918952 0.686967258860402 0.796252335886648 0.90871217552005 0.98727532674743 1.13524003835624 0.214208146609128
1.26236413308315 0.537133377571334 2.26977240398293 0.722716456479049 0.782966735921742 1.10460926639894 1.26222253144373 1.42992188092317 1.59929779011483 1.75494322762691 0.211534029967388
2.00155326985986 0.928373034778466 2.80292216614907 1.48656016072065 1.57130744882244 1.81948889837014 1.97481743648287 2.16914663273314 2.39649998986598 2.55410758935807 0.137853750992815
1.70679404859959 0.892344689378757 2.50510528260067 1.16958853900182 1.24765709454113 1.52701269634989 1.72055050994479 1.89268458057545 2.06770401372852 2.19747745921827 0.160075573895433
1.3345863413992 0.540866089273817 2.23210283189395 0.880637699175022 0.956396256561099 1.17457259801877 1.31147580950653 1.48983550749878 1.65283251938011 1.86568141119559 0.188998037968358
1.61213436351283 0.782257177764203 2.73147504621072 1.01312755971966 1.10898764158888 1.41151465884861 1.60143582903947 1.7914781637423 2.02682408307822 2.26746976890204 0.196371506399506
1.86587192105337 1.1571226043581 2.86586178184846 1.42314612880277 1.49260926741267 1.67703941417215 1.85105907325036 2.02067308063354 2.19842108149715 2.48218801607109 0.147825630114353
0.91076262650843 0.52856783919598 1.36195277529096 0.659221413472186 0.695738017855522 0.810609518618242 0.905872239103636 1.00208230876231 1.09558726506316 1.20804123430599 0.155187224681754
0.664113161724045 0.340620229007634 0.997286648825453 0.442638590123882 0.488894561490195 0.583354913844921 0.659172084395685 0.742035713659401 0.810151716621612 0.902077164104065 0.177000768356015
1.00371014192024 0.544361873990307 1.49296992481203 0.683432317433827 0.714498433859035 0.893320503126312 0.996672241844066 1.11187403436675 1.22143210355763 1.37036179501829 0.170276032639247
0.400722658881107 0.156743612729718 0.58349263818489 0.28221030207006 0.293237642473277 0.359935417730083 0.401620666161868 0.443618016626499 0.48148028304305 0.518201658411808 0.157642952670615
0.518108065650684 0.219677419354839 0.852167906482465 0.310446560371852 0.337341524083167 0.439948834548197 0.51503299483849 0.593256130587465 0.664887612738827 0.746900502307613 0.216890418102833
0.835675076768673 0.535298000754432 1.4609649122807 0.590156160992988 0.631417850194047 0.738995400603266 0.818343456539013 0.915650134618911 1.0165777937673 1.12389391058016 0.168074160680522
0.476844399666105 0.282724202626642 0.727104795737123 0.343223691151028 0.365391452002145 0.425590118481479 0.469899756407193 0.525863546664603 0.580551551912143 0.645718675595238 0.162890637508056
0.448392260557071 0.222399608227228 0.709787234042553 0.285649776826463 0.312006127010529 0.384761276284908 0.445553667769103 0.513221745617307 0.56611777745469 0.637175937779139 0.201444596330315
0.713785803878727 0.477407297537823 1.27679697351829 0.502061742773509 0.528561971430639 0.625450520944409 0.707668647044001 0.790464593819451 0.857399632616838 0.943336349318323 0.163356942724345
0.433866939942905 0.254451862262825 0.751442862639477 0.302205108617809 0.316471894853924 0.386151421673263 0.430693375572949 0.478342317907202 0.533131471681422 0.608049136854566 0.176904816658273
0.418195139487512 0.164159544159544 0.777480362537764 0.286731297777307 0.298529368811943 0.367152722503618 0.414497380102072 0.4683622891807 0.514191968328223 0.566231216443437 0.183246136454319
