2.30178835895548 1.00883661248931 3.09815907059875 1.42756602092435 1.64672812761448 2.11468821006598 2.35477919708029 2.528906257578 2.69784643793982 2.89982309022614 0.152607361417706
0.88072362315784 0.447854671280277 1.42559035833978 0.562668836613691 0.606544970466528 0.744146096408156 0.884033739269315 0.999022516101198 1.08885984120847 1.20973928080165 0.19518854768253
1.20354979819302 0.439893262174783 2.12601503759398 0.744629555489652 0.802480669244539 1.05250702015727 1.20620903759917 1.34265543569896 1.49122436555888 1.71473501862842 0.202664351393065
2.30949948607929 1.21132109359409 3.3682139018273 1.54263240543785 1.6257994655513 2.04316949997257 2.32609061186362 2.57732233821539 2.79749969438948 3.01473831763158 0.165706471774147
1.64348764076007 0.697230133614627 2.88701856763926 1.00849131396183 1.10127740142046 1.46754600139504 1.62460674019491 1.82284788592859 1.99389900087429 2.24153421896663 0.189151993335848
0.705243611577996 0.250062156347119 1.24158841940532 0.410259694783396 0.463223531697222 0.600602704841623 0.698311574524401 0.788548923314868 0.90959224214569 1.07791273750225 0.221462330100817
0.795097863666115 0.418294247787611 1.48334630350195 0.550906046904636 0.578770509746389 0.681492042133579 0.79807799073691 0.897011413309938 0.972180728119594 1.14198614563696 0.194418560282088
1.22141108716998 0.528856041131105 1.80636740331492 0.917924956478072 0.957057194659368 1.12022123655856 1.20605171584476 1.33458063127511 1.4471634598319 1.59348624868924 0.146881825319692
0.564844450100948 0.353256165072974 0.811946892904363 0.404190962987175 0.430301711367318 0.504533684083212 0.558063584357107 0.620151472517604 0.701499443224592 0.748708880020993 0.158816448679092
0.609847634102991 0.393825168671165 0.943958894878706 0.437254182401813 0.454452827810456 0.538380927678629 0.613997149520601 0.666633510175122 0.718449270222847 0.80392304580945 0.15630620366261
0.975473616102938 0.410136855506047 1.41544117647059 0.715116579565303 0.752639121504437 0.869346767101533 0.977556568336784 1.07617446639449 1.16667034560182 1.28013702063821 0.153663861189678
0.623089256281964 0.351033519553073 0.927521698698078 0.428798627079236 0.462271637393984 0.552084550787601 0.632759361497012 0.683188338301043 0.745382015141307 0.815689733972432 0.158313165424307
0.726736703498071 0.344016877637131 1.13904463799673 0.449285702190501 0.504042131705172 0.638054266466999 0.72440569317688 0.81938053992339 0.896680545957913 0.9988667356873 0.189838758993902
0.979321348200614 0.607552742616034 1.82653127538586 0.695198615359864 0.731958696826042 0.868575681386424 0.971275885046307 1.07604115228172 1.17005477786749 1.29946656040664 0.167231739510745
0.863853458139062 0.520627413127413 1.3608081824279 0.623696291364023 0.669997219508916 0.782261355725929 0.860402745058173 0.936495486256981 1.03656041793429 1.11230041709724 0.147373213144562
0.81010778946601 0.5309375 1.29013066666667 0.587240514210911 0.621562300960469 0.724278649192197 0.806481982140169 0.895260210804131 0.95787412664356 1.07624571000426 0.152077260440345
1.06193944963297 0.597125781037761 1.63695767195767 0.774252878941311 0.804879033216998 0.952172902133511 1.04745125908338 1.17163932154199 1.27028760762665 1.40495310100393 0.15660382052442
0.596621957536396 0.356364662715213 0.889450171821306 0.424858424340917 0.457945384068595 0.532576475786139 0.59306315957787 0.666781720817019 0.711373800067161 0.769635390652732 0.152050574262398
0.510528498249625 0.287953422724065 0.812961939840393 0.364535646049528 0.381318960071319 0.450931465378205 0.504581570590364 0.558387157486201 0.61597524157102 0.693982326892683 0.164155163225145
