1.87197694523459 1.08503827850197 2.54826871401152 1.25997938994157 1.39383205983331 1.68524247265781 1.89684676292501 2.06296785164821 2.20962311437361 2.36883982711418 0.149926197792944
0.947084439355413 0.307414654454621 1.52156241752441 0.614853583449214 0.66881446224543 0.833415054968278 0.949057196731615 1.06005630537385 1.17331812705907 1.25716331436315 0.183865270647484
1.33125445067893 0.588732057416268 2.03506063756064 0.843090840351863 0.932792644048173 1.17998848477693 1.3427254509018 1.48440580526983 1.63667198754167 1.75245168705057 0.178752700179841
2.39746686760521 1.46217303822938 3.5969417989418 1.78718312970955 1.8791626857884 2.17207839075845 2.39017929089444 2.60200573231662 2.80872727138134 3.0425073269121 0.132919710268631
2.0531494711654 1.22397502601457 2.83735671842055 1.49771594990495 1.58323410045177 1.85554701767978 2.0362600536193 2.26251426258846 2.43004639221624 2.62578861579339 0.13985432735553
1.39495690647698 0.794351792230092 1.99742433998712 0.959708888664937 1.01999277738391 1.24064025130741 1.39576301615799 1.55039929938112 1.69305528174888 1.86431306386224 0.168981436055738
1.65902929675996 0.986382928554586 2.59385964912281 1.17763598723609 1.25923165387132 1.47766353853854 1.64168782904924 1.83095621756127 1.98361172239367 2.17487710175894 0.155752939255899
1.97080551701833 1.14447154471545 3.08561426256078 1.49713016228538 1.58533114258771 1.79417559828752 1.94700309757357 2.14047267793797 2.33234597559415 2.47599142581483 0.134840992164549
1.03650463840846 0.67991191802984 1.41019777297657 0.743771902500791 0.785540798247486 0.918008341712431 1.02774896060186 1.15231788373718 1.24444205931292 1.32155063094125 0.146971185225719
0.57133778624771 0.360037985368599 0.852831152250239 0.398215851145006 0.423490958378597 0.508063687724705 0.567077674529426 0.634236191440139 0.681762166195328 0.755377775464551 0.15966774844617
1.17267110162904 0.681656580937973 1.67234624145786 0.849757693433683 0.899746482427221 1.0441797180172 1.18178368121442 1.30140253891156 1.39328899240856 1.4979974014191 0.149698722795347
0.435781614849143 0.23661244229501 0.67728602383532 0.312625158240006 0.33023589209134 0.383901000290824 0.427554491017964 0.481758290578956 0.535322996441085 0.584355145285066 0.167611128274327
0.536330050381153 0.216970082749841 0.936861244019139 0.32342019715551 0.360374097834804 0.451193302386402 0.546716042481833 0.607698793528928 0.694774911862636 0.754610356304905 0.218804964783062
0.855673428757043 0.533083832335329 1.31697949526814 0.614542279991243 0.630866682711456 0.755310341299677 0.845083279948751 0.944163098899772 1.04493336361371 1.14849349178666 0.166848124288785
0.537651769132541 0.26999146029035 0.893117283950617 0.375819366346779 0.407064597564478 0.487737471878846 0.538637992831541 0.582869595313642 0.640294738225014 0.707648603236478 0.156260078381462
0.468695642004364 0.199108337048596 0.818541666666667 0.288957628257364 0.317757258814848 0.408076093504217 0.470688524590164 0.526363493924067 0.573849058399231 0.65035061268742 0.198927449567673
0.85420423431777 0.497134441087613 1.35755566311713 0.63583790875124 0.656958712463796 0.763723335142472 0.841237393328161 0.925521069141033 1.02957706079621 1.14633740470924 0.156207782224035
0.486491517867714 0.287305143578416 0.765124845869297 0.355451133248348 0.371400469373434 0.432886024277758 0.477302125038497 0.536798635933807 0.593754225673824 0.641259977087809 0.160712179487159
0.440574453225939 0.265029457973291 0.666272430668842 0.313598721610482 0.337801070105214 0.389319764414942 0.436647509578544 0.482171316408625 0.538348758250933 0.590960404627094 0.16378851870202
