1.68148997496907 0.989087428206765 2.34922360248447 1.2085367785914 1.28849522956794 1.52855633688482 1.68803343963508 1.84264289278064 1.97503403076948 2.14701937755321 0.141546910310022
0.937476933560294 0.269956215032839 1.4352652259332 0.576788821162268 0.63702478460293 0.818669198561167 0.9399947626328 1.05796560779896 1.148626988376 1.26267130354738 0.19059096455374
1.13709584394483 0.49163906725245 2.03674711437566 0.688170325175688 0.768348944466914 0.990765609634389 1.14277550021385 1.27171851209235 1.40721550371477 1.64511783069044 0.204027901184766
2.36202523399629 1.35826453617399 3.35955702479339 1.71391711628708 1.89064596945734 2.16256811207364 2.34692036946711 2.57000444334204 2.78677997437871 2.99409369497889 0.135682550269307
2.2030460374408 1.21086076395001 3.105149754135 1.59242769007374 1.69302648254011 1.99110673998948 2.20467136183139 2.42030059508454 2.61922862162688 2.77264726847464 0.142784257383305
1.51941988338105 0.850640290519878 2.41932492113565 0.963779267376399 1.06786473957127 1.34386734097214 1.51874122269501 1.69161224776441 1.87420626245993 2.08476329950899 0.180205258107412
1.66499907322186 1.03820047732697 2.82332211538462 1.211622244922 1.29914721406467 1.48602752033233 1.64497723626413 1.8132995016286 1.98744092292194 2.21674346949297 0.154351858895484
1.95493815415914 1.31802966101695 2.92462003454231 1.47786357089858 1.54868907072969 1.75866392767053 1.94634838038541 2.13207549001573 2.30208310000377 2.46469583675624 0.133862747053454
1.02833402037398 0.559303305249514 1.5875242248062 0.775005727781984 0.805567279438451 0.927089147450738 1.01919231342604 1.13002413400686 1.21834972843959 1.33474876596798 0.142490877090617
0.587216220788616 0.303041718555417 0.86478523703468 0.406491182719547 0.427754657587368 0.523452759091459 0.581999300201235 0.64397788896265 0.711998026021993 0.799954995228308 0.164891162769716
1.11994437851341 0.616939806678383 1.72505462184874 0.773344693504527 0.846183483588064 0.998151771930802 1.11376427914027 1.23186435911764 1.33335663786831 1.47997390584202 0.157530033892554
0.372101122378938 0.215528872099298 0.536378876781224 0.256921122992376 0.277727931619659 0.329606901250348 0.370844511854513 0.410682167510751 0.454568542927515 0.483253121055212 0.158523900613161
0.535667506953114 0.191848101265823 0.922992448080554 0.292095669649241 0.362035444055025 0.459325814231131 0.531787073538702 0.610731180739092 0.687852893188098 0.783698275862069 0.222963701347822
0.851503130540833 0.397852857593937 1.38882892057026 0.609191023200467 0.633065470852909 0.759781222753769 0.83715314266711 0.943275651614041 1.03207690711477 1.16200556002846 0.162215862226991
0.533835695868637 0.321451955782313 0.856270761516766 0.39167897464806 0.407949914372347 0.477159501851403 0.524176453371902 0.580515511924535 0.652625626948854 0.700260487139665 0.155516115806214
0.47252215265379 0.252979778710416 0.728126631853786 0.311188722809976 0.337532047148262 0.412206461765519 0.469072147204706 0.528566119920327 0.581785840147644 0.649826373085119 0.180432635186618
0.849803355571401 0.571125907990315 1.25485319894829 0.624471484780429 0.661798623243313 0.751410901185627 0.849272463825315 0.931177960040605 1.00961789642601 1.11165520233344 0.149490643439591
0.453012215423523 0.272506476683938 0.72605476673428 0.317561428897387 0.341948469989256 0.40772696210566 0.453775414802171 0.495506019228549 0.536994260059356 0.597409882224224 0.156632825176694
0.448230437938186 0.265697827518104 0.667796526054591 0.30809095768569 0.325404475262579 0.398260968217001 0.444512706795911 0.496930065308523 0.549224525376323 0.586398556654363 0.163171206618286
