1.54059819991953 0.66776503164557 2.13721332644628 1.00886925861956 1.13315416679425 1.38515381060743 1.55720574713289 1.69966866629216 1.87036853638612 1.99533191738013 0.160719200225837
0.953839428934363 0.422445923460898 1.53664864864865 0.54406609630366 0.608988294386742 0.827970109114715 0.964977459504109 1.094126630183 1.19756678979088 1.29587877410167 0.203901729914807
1.47844821581515 0.64912821888412 2.3317354008578 0.93884596727437 1.07932658995643 1.31980405358075 1.4637677274207 1.63715442310507 1.82862149142927 2.01330037013196 0.179350155033955
2.00538215917496 1.18266718506998 2.84848202093764 1.5030200768724 1.58498145300455 1.83536784656146 1.99184463992009 2.1623130002223 2.35314988457448 2.53522139986302 0.131802763700173
1.99472357009665 1.16778655400441 2.92068852459016 1.45056201191015 1.51095442097247 1.78260530594419 1.99182988361997 2.19573621843458 2.38066430812866 2.55239283926935 0.153328861451374
1.55907899503113 0.71154883163571 2.42662754707248 1.00993944541949 1.10307149610259 1.39190379302295 1.55020005534973 1.72077431137317 1.89291338972683 2.11270240491788 0.174926092405751
1.62572203521089 0.848509119746233 2.47813274580006 1.01283870586199 1.0723087448177 1.44065210070088 1.61521349900575 1.8594798788279 2.01180740140864 2.16740508935758 0.186287632900482
1.86331555019453 1.12257302489708 2.79494330262225 1.42896874694043 1.47614561701456 1.67978798740194 1.83792756280946 2.01943981055402 2.24103501317983 2.48686011058261 0.144022730069081
1.02062073540981 0.614052780395853 1.49862363598929 0.737272293333023 0.785929890174548 0.917412376595604 1.03015404264061 1.11659613890425 1.21213704587039 1.30037110729329 0.144848220540724
0.634596960136402 0.358968058968059 1.03126353790614 0.43397867289054 0.460261751152074 0.5670338670968 0.631497293444378 0.703582869642544 0.772507980489364 0.863211186811815 0.170617010994663
0.997122885058339 0.534043698543382 1.42792471042471 0.706422029964114 0.765295418472256 0.887906079443794 0.995301168923466 1.09067766434263 1.21211354453783 1.35674703905596 0.159053481127
0.435154907306801 0.273759360958562 0.623390445474703 0.313829210238831 0.323885134212533 0.391655193992491 0.436539881321463 0.47412536860188 0.52608034757992 0.571570375547946 0.153572684549735
0.515136950810539 0.181200727713766 0.862508073196986 0.309561079871896 0.349819072736457 0.443797406537805 0.516622529922053 0.591363908853644 0.648154283436738 0.743450341441034 0.211394630079393
0.832667347138753 0.46896517739816 1.42170731707317 0.596526044817445 0.640330635307934 0.738443987330203 0.815101929945707 0.919914975470276 1.00113749506521 1.12524546228796 0.162738523512757
0.482209324431372 0.248364174685418 0.711651842439644 0.313506161483905 0.349784380838128 0.434452106883532 0.479782111480251 0.531866900167568 0.582369726322979 0.651529789415865 0.166851499166752
0.440482854874069 0.210986636971047 0.68015602145295 0.279293724232572 0.304464537002347 0.379848476392808 0.442248396423767 0.494955708661417 0.552051876172608 0.625243593863109 0.19992324126961
0.671620898282576 0.33295409964692 1.25918866709594 0.483979919671517 0.515191420754348 0.58543028781935 0.671395815161812 0.737771125757036 0.803648947895873 0.884578790026071 0.168533516549035
0.420622333883984 0.265741496598639 0.697225751800085 0.292459093226361 0.307936830967177 0.371376298022754 0.421575510645736 0.46513706789507 0.507411577058223 0.554206461419617 0.16282068137618
0.42137371563567 0.255053908355795 0.648818604651163 0.280412393912642 0.308679491396095 0.369585614418959 0.421187132510662 0.461359820769336 0.514081537668848 0.593825252303407 0.170513836579195
