1.72009925016595 0.968122718052738 2.67976534697509 1.2285320858572 1.30774833307316 1.55772974611226 1.72851362957598 1.88511503300154 2.04096111371446 2.22189628319354 0.148423849874169
0.912380198646791 0.289985486211901 1.3453 0.51441483252455 0.604979510510018 0.799911943245938 0.918831279254216 1.01991221097092 1.14736624037182 1.24121230200418 0.199012116818807
1.27674844280888 0.549584611095623 2.12735120399818 0.79654828684888 0.888761580103176 1.11393780898916 1.27579243690327 1.43590719117194 1.57492554216867 1.81642048539616 0.191981440889275
2.36018225383142 1.30461437908497 3.41160053262317 1.78938981099842 1.89970011795835 2.15463593754251 2.33996652897362 2.5581496029382 2.74345789900281 3.05657459391738 0.133423549072562
1.94789212460552 1.2214251246582 2.84315504400812 1.3689862554653 1.43796553685188 1.7569594243708 1.96188991594964 2.14445066150088 2.29088592441522 2.53487842225744 0.150296514003668
1.50231699095058 0.812495344506518 2.26872129735936 1.01622896210453 1.08424504482 1.34458356295204 1.50175829754752 1.65781596215172 1.82006601333007 2.07623933794005 0.171043689880464
1.68087833954313 0.811359590565198 2.45361351139042 1.17972872169547 1.24883797416688 1.49912548870547 1.6760680651183 1.88376628509538 2.02244921318648 2.15853593809447 0.158890776134207
1.98226694489165 1.23747149036571 2.99749837767683 1.49315146143644 1.59497822038226 1.81644552320902 1.96428818840098 2.13804650794756 2.31864510099884 2.48234060226831 0.127380219120096
1.01884750721526 0.630660954712362 1.48385093167702 0.720279106350872 0.776556355572429 0.924043743765569 1.00971954974974 1.12209641934053 1.20484497827208 1.31036325680051 0.145682496466275
0.721605098429085 0.42075 1.08286347160693 0.504538033372785 0.535888973482942 0.640964620699762 0.715807775474274 0.801784240947221 0.868061362496618 0.934489120857037 0.157732561573932
1.1788057089844 0.533713151927438 1.63061463046757 0.883062744732429 0.933265297650924 1.05474191416576 1.18063782372709 1.28259883948313 1.39717830184536 1.5575560552833 0.144246241316639
0.44681449697109 0.269708737864078 0.638605313092979 0.31788938229691 0.337090842390519 0.397160119913034 0.445789436348645 0.493169703304313 0.536950252513359 0.584110890416631 0.154090875167245
0.544453722760101 0.271481062747315 0.945770202020202 0.340962891261367 0.367473862968922 0.47023141378487 0.533783997944033 0.620778803650965 0.694106837606838 0.782576107173451 0.210937762103128
0.842216731941025 0.465183270676692 1.24082586786114 0.619082533020388 0.637972166840501 0.756399898655193 0.83520841069755 0.929200242614222 1.00730308645957 1.09554729679501 0.151154287742207
0.536648594031954 0.332695426532598 0.811816874400767 0.391052198650121 0.41394406779661 0.477950619983928 0.53387495751582 0.587554083086809 0.649966292116891 0.698458828601798 0.15372286592798
0.474449572801428 0.175314606741573 0.749546816479401 0.327928640535239 0.347339258780435 0.412369730813606 0.467700905281467 0.533759592976318 0.595621636144445 0.641746546095484 0.184980976871118
0.800612977082492 0.463316289262235 1.2503600269179 0.548546031735034 0.604084407141732 0.719610066006917 0.803263614660609 0.878892521053622 0.948176771428836 1.05415795078959 0.155675382306167
0.483073227210127 0.264667523289431 0.742737676056338 0.330889791278617 0.350686452193942 0.425551571363886 0.478733103440317 0.538943669540481 0.594439766344184 0.656477155290884 0.173919717056616
0.446517275758789 0.210591891891892 0.692015376166941 0.318992802379245 0.336471314628087 0.39609677692452 0.440620981652815 0.493544740854103 0.539244131178317 0.600637354092961 0.163886686865447
