1.92276062164175 0.80568284731027 2.82204505300353 1.2916927261017 1.39729194165862 1.68667926667927 1.93291719285585 2.16077448261148 2.35165726237887 2.48364274151435 0.171601036073787
0.78680546687594 0.233829941860465 1.47790792291221 0.425175627114395 0.513877021788729 0.661279950849887 0.780223115577889 0.901922440293213 1.02586177278066 1.15885478417635 0.232293445129983
1.2825761490921 0.473303518187239 2.01904562383613 0.731125167314992 0.830157003819603 1.13309288537549 1.30189300411523 1.44339603960396 1.57446802944725 1.79963448654383 0.206972611678999
1.98128844643437 1.03028260869565 3.0632144170651 1.41474863288757 1.46459558881411 1.77984586929716 1.98688085184505 2.18136183416652 2.33169182506683 2.5771275649672 0.159937267479026
1.55179523782377 0.731243786246893 2.49982371794872 1.03297593486932 1.09691347293177 1.35900617783172 1.5325905511811 1.73797024230004 1.90619773519916 2.13608143162751 0.19010148738512
0.702455369449666 0.319125 1.18986287952987 0.446932380734749 0.474982109672837 0.59273346153053 0.696448431558935 0.800431575312315 0.907144086575414 1.05765227088219 0.21793196354396
0.726991807015819 0.299579831932773 1.33341575859179 0.390375137806334 0.45596901301221 0.617332569769882 0.721860737273259 0.834948081125642 0.93106290381334 1.06841978299113 0.235493568026479
1.21999556667948 0.687032506116742 2.26179018286814 0.841869969957285 0.906422150415678 1.05023668910406 1.21945498447741 1.35441666546494 1.47715072164175 1.68322101851354 0.185844231641402
0.55293615218663 0.333149932765576 0.907360488290982 0.388960016115747 0.408905842956398 0.486046131540336 0.552274541101357 0.613536581425448 0.670218514906659 0.720911937815848 0.166615953444211
0.656605016753012 0.39267793594306 1.06365068002863 0.485524875167699 0.50726281886301 0.585437605246552 0.648760053619303 0.723014560700585 0.797341342514006 0.877067612707637 0.160246702254772
0.849730781355321 0.496757142857143 1.32546526867628 0.582156800052166 0.61534259935511 0.757283105054881 0.848053582956746 0.938099417633555 1.04740314244826 1.14274957769043 0.171137831782477
0.574677440797058 0.328887537993921 0.826498835855646 0.427471706256993 0.448908302652477 0.519842820557816 0.574245939675174 0.626649845168001 0.685273664060827 0.738376241268511 0.141036354575193
0.704137966413983 0.318282070517629 1.05419826404751 0.473932471264368 0.501463909826025 0.62649922431435 0.70028531983433 0.792282388419407 0.869325138049883 0.923245574565453 0.175134072759299
0.973358451643042 0.498668885191348 1.49767573696145 0.70896488762266 0.735117427982062 0.864825816109244 0.958402242466713 1.08045444623929 1.18338486333584 1.28534391774919 0.161979164019641
0.903155804794386 0.475120879120879 1.29952981260647 0.635293024542754 0.665346148287242 0.820893693595228 0.905289735099338 0.992437188758103 1.07339742096436 1.1779731237976 0.154992879399353
0.783811474988139 0.488985387697384 1.11672639743247 0.563404783371557 0.587785366107291 0.706682518160358 0.787399347116431 0.864404068670151 0.924411342239142 0.999772681882414 0.143561230939938
0.896736989437874 0.479286837965391 1.30028205128205 0.634211002246509 0.670545879851211 0.817112263364008 0.902642045454546 0.980721608858212 1.07285898239353 1.16153020380911 0.150089850744062
0.546502023181345 0.311606910885944 0.800376848178868 0.391199401681334 0.410276542384906 0.483882623407155 0.541798941798942 0.61021411365385 0.668728760017291 0.706170242452334 0.159635843496667
0.486972379093338 0.314971682847896 0.756056077904634 0.356690068088199 0.369505995356311 0.44032705779293 0.479574074074074 0.538776233570351 0.582822824207493 0.637861490951356 0.151879483193511
