1.87547341331914 1.02280701754386 2.6845816298719 1.29138242894057 1.3882211844619 1.70462731277533 1.87632783195799 2.05671763945725 2.23528996282528 2.33 0.148499000828544
0.867363656119991 0.331051770002046 1.41785909339159 0.492793005671078 0.550824742268041 0.753883750453391 0.890668387326451 0.986811132356065 1.07055059774373 1.18273548122307 0.201299241937257
1.25846777545671 0.628425860857344 2.10247524752475 0.827743016759777 0.86172647914646 1.08550939518497 1.24028268551237 1.41894563426689 1.5813676563487 1.73323913043478 0.192340878870622
2.45138749345401 1.54727702303603 3.36458194273669 1.82403885480573 1.89583333333333 2.23424688561721 2.44598788443616 2.66472379465157 2.87289040670599 3.15358730951786 0.134902271408555
1.81522654837816 1.05890241895672 2.42570628156566 1.17884678747941 1.35978144730452 1.61890698516106 1.83062426284751 2.02647569444444 2.17133986435569 2.32568056968464 0.156684288505421
1.3815067089122 0.497453544390915 2.03100556070436 0.933437064561078 0.995868790817336 1.21571734169994 1.38380970011107 1.54648002333042 1.68247881868797 1.89321940833707 0.177038442891379
1.67019664282944 1.03056497175141 2.49383992805755 1.22131005010315 1.28910378912685 1.49969387755102 1.66000275178866 1.83083716915995 1.9926724137931 2.1515180435431 0.144886344073526
1.95309461947991 1.25369121472884 2.99988640973631 1.50573353618779 1.52943966493095 1.77920387047327 1.94427817280758 2.12271004942339 2.26585106382979 2.53354109759126 0.137572273107081
0.955888122372279 0.579236597686166 1.39000336021505 0.691628326996198 0.724618674269423 0.854964816262705 0.9503982005998 1.04360406091371 1.14353755993607 1.24741311134235 0.147312022354614
0.632914149768547 0.338383664078228 1.07784733927281 0.440410320174075 0.467351916376307 0.560139616055847 0.624744148067501 0.698497854077253 0.773939211555823 0.836234608985025 0.165860466329833
1.19324142398873 0.741691534219916 1.82449037372593 0.874371390493114 0.94153470526683 1.07157313879536 1.17839732888147 1.29921458333333 1.42305610043154 1.60227272727273 0.15306092215651
0.410151876445099 0.261486904516395 0.611596162232883 0.30124387254902 0.311317480719794 0.365153374233129 0.406974353755343 0.452801626751017 0.496016085183507 0.530553935860058 0.15308580483738
0.53855344850472 0.279337231968811 0.825245950809838 0.328220164609054 0.347906026557712 0.472173913043478 0.528144104803493 0.611556842867487 0.691950281906714 0.767550644567219 0.205155905168926
0.849435879059043 0.554371534195934 1.33571518193225 0.61452427184466 0.640341530054645 0.765865561694291 0.830299785867238 0.931484927428359 1.02173566878981 1.11921496539792 0.153982284878918
0.528874735410985 0.260823838737949 0.773883147853736 0.37615667311412 0.395067328136074 0.467521276595745 0.524253499222395 0.581523838261919 0.648958395689913 0.718089826839827 0.16556294135351
0.480714680031339 0.246993291806421 0.765524965002333 0.325357006491027 0.345029069767442 0.426504424778761 0.476998191681736 0.537688485263879 0.59300518134715 0.660147849462366 0.175952683127197
0.931027822617023 0.611589595375722 1.37851821642197 0.685369253956292 0.7096614481409 0.83246296934206 0.913366750208855 1.01492601514109 1.14200109849872 1.23944495837188 0.154763635369137
0.501950542806207 0.32689932885906 0.746142414060481 0.352685815812852 0.393767425650558 0.454914878731343 0.492424872122762 0.549614243323442 0.597685950413223 0.66374175164967 0.149656762333737
0.452578483318565 0.245842391304348 0.692047012732615 0.336123711340206 0.346214017521902 0.401661341853035 0.452048319327731 0.498499501495513 0.545306796116505 0.58942223198594 0.156418417392356
