1.83941435447667 0.770147329650092 2.80033433687213 1.12328061981648 1.22963481813408 1.58725163511074 1.85551893164515 2.0767673012664 2.32822370087136 2.45729005121152 0.194872495863192
0.667215101928402 0.258121158911326 1.33748533109807 0.37514030921439 0.410974828988705 0.542888546174873 0.648318547072656 0.776042455667161 0.898370878977556 1.00826856736157 0.25764558486717
1.16631700744883 0.405914351851852 2.2324540942928 0.59760968200733 0.675631594243339 0.962352642276423 1.16628585155808 1.34638015370931 1.5320137641783 1.778169500543 0.26204953927682
1.95605319020383 1.26202243059386 3.08510102533173 1.40178864311364 1.47945053736745 1.77615596079833 1.94487751691741 2.1511274998782 2.32211449461423 2.46269679829511 0.144403835391346
1.40982338839371 0.64183908045977 2.3317779810918 0.941251710010688 1.00138073298999 1.25451975463108 1.3948221454977 1.56948510840936 1.73108555418771 1.95085071909698 0.186421357396229
0.662010535168144 0.328489100817439 1.32211920529801 0.403788932535252 0.439667574607005 0.553920379079344 0.647463731978177 0.764194442744597 0.861543200060706 0.982521990217048 0.227741447073022
0.709718834379476 0.29660394265233 1.1986935483871 0.406525022226691 0.449377892216718 0.598122427153807 0.703310915818429 0.812209342356042 0.924478897458274 1.0765141038042 0.232688601957682
1.19874609064669 0.639076349275998 1.99643624641834 0.829053634125671 0.879182666259082 1.04324724037046 1.18166778629022 1.32784829076029 1.50791170128593 1.72342706915178 0.187302450144382
0.51766446311582 0.287426542605289 0.784214477211796 0.365682793367886 0.376129245021899 0.455190063241074 0.515486207770043 0.576783394485192 0.625929079951031 0.71658457782335 0.172833360859523
0.582330958783244 0.351664402173913 0.893025776921224 0.426387015579506 0.44409569682599 0.522500084172686 0.573604410637242 0.636990620170478 0.706083871215988 0.76927183619538 0.155707928457488
0.842927227935379 0.493686427926572 1.26099539941447 0.566476167176581 0.61741044000381 0.744929212775041 0.826774001639254 0.945417995982512 1.03802314531951 1.13722797146977 0.175698320882363
0.48509003854134 0.275454660267744 0.752198016826923 0.349868656079195 0.365576123250049 0.426725321507714 0.476413499355063 0.547911627722294 0.58935691056605 0.638800291146264 0.168094889451259
0.662943053617464 0.303450704225352 1.08071750140687 0.396196518197748 0.433060473446705 0.564339790159544 0.661046204047774 0.747505866249945 0.850608404441614 0.966720028464538 0.213129410024197
0.963766890195246 0.534238928172683 1.76189202102246 0.673319038443813 0.70546805018625 0.846476181086323 0.949510954439355 1.06570279574998 1.18335522731783 1.32197474336832 0.176310539355786
0.888279886164323 0.434636536890825 1.32503074343208 0.638847040659058 0.668862643700594 0.787674529932679 0.893403122418112 0.983779524012816 1.05835481550531 1.19363005952381 0.160826326970423
0.76765506215856 0.407195867287544 1.12449457954878 0.545290881210867 0.571252615140707 0.681211163376555 0.766522314657915 0.843532259301674 0.932972352663585 1.01010649004072 0.160567971074604
0.798346266566031 0.527700589592412 1.16325996949226 0.577615081749319 0.610172438166366 0.709918299792756 0.78998073249309 0.86764478930045 0.961142029954169 1.07991792636364 0.15479261752092
0.531029272326265 0.280747261345853 0.865951065509077 0.354783356627011 0.381515936694361 0.467318281352556 0.523593650383389 0.595093507966652 0.644281995905357 0.738941427023026 0.18273893586349
0.500993712232857 0.277422945205479 0.815605839416058 0.357771153010118 0.372880097923813 0.439348333830803 0.488835890753091 0.561737579776649 0.619805913077974 0.669106905065261 0.17539608908404
