1.89511844784699 0.905875056382499 2.64488060631229 1.15361169068272 1.25074300638764 1.69524992829711 1.92088644293433 2.12170954719921 2.30634041488165 2.49765213857355 0.177989788365749
0.8089219714764 0.323665024630542 1.32343457318705 0.519776065575714 0.567033455165588 0.6962279640057 0.818410700843308 0.909703047447106 0.994431467797564 1.11623254215357 0.192105289970652
1.29905349858791 0.444223706176962 2.09511627906977 0.699905818944878 0.81071314126372 1.13514060229649 1.31496982793713 1.48394279984195 1.61745896914614 1.82852650380964 0.214407663545302
2.02268584491198 1.01450613676213 4.30991954022989 1.33834262320862 1.40645525544683 1.78813041482081 2.0133309669324 2.23960712428692 2.451964118182 2.66779286358744 0.181014380480031
1.50185968035964 0.539505988023952 2.43575506708536 0.955294960291274 1.08434168404761 1.32306726492034 1.50528571317978 1.67609932227475 1.86065461888981 2.0185699023057 0.182136047020944
0.745048327982829 0.344599005284426 1.42162601626016 0.45790963445599 0.499724937476754 0.631367277623272 0.73241583381092 0.842844036943817 0.960421077013165 1.10767757666504 0.223355773646645
0.73425671930827 0.305478589420655 1.45537379067722 0.420408590722087 0.471339961635485 0.62881100774675 0.737743293691504 0.836191242732977 0.9291010346338 1.04777898550725 0.224845144923883
1.23549141056618 0.533042452830189 2.05042723631509 0.857344573437315 0.90896922829582 1.09249603515169 1.21919715280889 1.37776554747944 1.47924665501244 1.66881904265889 0.170434815553934
0.567246989945981 0.336766286820039 0.820307551067248 0.389894930580777 0.417534118148663 0.507269094447559 0.562518493150685 0.620850353748897 0.681804944460646 0.759102160702731 0.158972604668973
0.662265717669878 0.408199273482097 0.989174956114687 0.488046126359839 0.51309733831591 0.59571692939804 0.657362898695225 0.721237073225955 0.782130602954544 0.877290790537444 0.143888115462191
0.862886491132554 0.413194244604316 1.54483562930495 0.556823437720605 0.602645534290271 0.748239981158167 0.857538573218582 0.972628624715888 1.0635903709347 1.21536140593838 0.190815405232578
0.605425994919021 0.34868252516011 0.90540113452188 0.400919320994986 0.427907968430444 0.546946855375481 0.605521342733289 0.673868630391376 0.731367788179634 0.79475946790741 0.163555187099989
0.654694598189681 0.184212328767123 1.00444608567208 0.402168422493322 0.445340344071796 0.577511343081682 0.654742389620254 0.74042270041052 0.809662459510648 0.869078643546283 0.189616901720374
0.945830375932798 0.55572703607289 1.73253987730061 0.690694888117459 0.726177629511452 0.839737054794649 0.918662156026185 1.03417145446414 1.16680355469336 1.30696967653996 0.174191982218127
0.888521378672448 0.520523543990087 1.27958549222798 0.622662893171547 0.666058030323198 0.777581249667186 0.881435858614975 0.993475120944087 1.08229745743573 1.19118547613002 0.16821379555936
0.782020786615321 0.524546159813809 1.32690156965337 0.58103681522104 0.615267803972564 0.706512069117212 0.773355239417145 0.8518513046844 0.917689718766105 1.05642429845579 0.148919027501255
0.842445516101119 0.507444471564559 1.31654343807763 0.617664355955161 0.652071154007458 0.755359684309526 0.842256773260395 0.921790694318559 1.01167495303341 1.09015978324276 0.149129571183175
0.546861791001012 0.287815634728468 0.831471048513302 0.385253208583627 0.405646158549348 0.483751338607565 0.543301521112867 0.603662470851765 0.6636776150247 0.742984482021251 0.171387930970536
0.487192007988805 0.318696914700545 0.718797709923664 0.352644381645303 0.360251457867263 0.428992817922743 0.480943970616249 0.53507263235727 0.6043423755065 0.685422309869071 0.172409994952562
