1.83978258960761 0.825842696629214 2.56232272570045 1.11912801241231 1.2595282758009 1.63661016949153 1.87382804606991 2.08113378099174 2.20796618795194 2.35586942336915 0.170295333441731
0.75259400172695 0.207678282009724 1.65747922437673 0.457529660954927 0.50144319968893 0.640476993089499 0.76447619047619 0.858027718550107 0.94622453928402 1.08334306718144 0.2297413596789
1.17471689626743 0.412898383371824 1.97996638655462 0.633254516566286 0.757257163018439 1.01563184806428 1.18479286169535 1.34194540942928 1.48803288737816 1.68464986840969 0.216858723285371
1.94753853371761 1.0441843220339 2.98985294117647 1.29874929412015 1.40714061114215 1.72878620689655 1.9741322537112 2.1446273790415 2.32541183520438 2.62473764862187 0.169096312865442
1.34611864104451 0.620336893203883 2.32195150501672 0.86397591100832 0.930173469051866 1.18294202204121 1.34151486988848 1.51903757668712 1.62737424648596 1.81537606112054 0.186480605298103
0.69381952327895 0.327990246406571 1.31219574635683 0.424347835400934 0.462248894069483 0.588230088495575 0.689034965034965 0.779910008181075 0.880115892745321 0.998096132066034 0.214376091644571
0.732276174611764 0.230537634408602 1.30563636363636 0.416610696445167 0.447132514131316 0.611819484240688 0.728576297850026 0.839292730844794 0.957763779527559 1.09478267576267 0.239306855948264
1.21465114939581 0.693958064516129 2.17178571428571 0.859916566932729 0.901124480109316 1.05957105557628 1.19216691804927 1.34782140935987 1.49267958599427 1.67331877970611 0.18358560897856
0.540591944650999 0.310190378710338 0.823009390696659 0.362936376185098 0.397142726305552 0.481162051747617 0.536743911090092 0.602703327171904 0.657807824688668 0.715241858023928 0.163933112341926
0.584314976513168 0.365610128126907 0.930120481927711 0.424567014564657 0.448308652302469 0.528575581395349 0.581269179004038 0.635745463462482 0.705304062184641 0.760686698457768 0.152258151540707
0.8659710918559 0.459111933395005 1.52842346471127 0.59226444152107 0.62129094710313 0.749478751660027 0.861819727891156 0.969682212133718 1.05586238113902 1.21380432807831 0.185186568703193
0.552375488368483 0.339743883792049 0.784715025906736 0.404283335669985 0.423492725040509 0.491405700211119 0.550960436562074 0.602328492739109 0.66506848124566 0.731717373602783 0.150491495253588
0.681671850713936 0.30294 1.07595464135021 0.420821091451099 0.466493279679602 0.587514450867052 0.677274450341168 0.777197867298578 0.836885560083994 0.920075392569725 0.193007224808189
0.959863123855734 0.462313787638669 1.49627361563518 0.709945593387954 0.748580571457993 0.853895926052722 0.945798816568047 1.06210526315789 1.15221070258646 1.28421301437933 0.161087261833663
0.873057100034595 0.431237191650854 1.30282327586207 0.611446563282533 0.648152035125271 0.77696857213561 0.875341588385995 0.961170634920635 1.03614469689936 1.16302955008891 0.158076674189321
0.782010277161687 0.500638099190703 1.19813953488372 0.555381157064596 0.585182024802507 0.699789203084833 0.778156779661017 0.860210459183673 0.945087925275085 1.0181468289708 0.157459183472866
0.847553467433545 0.457256438969765 1.23101631116688 0.597719060322138 0.637503301099364 0.750800561797753 0.849028571428571 0.937831978319783 1.03976850273136 1.10609139151949 0.161876530155022
0.561721365321909 0.341399715504979 0.853719986472777 0.396499653592516 0.417553257288199 0.485758591785415 0.549782934131737 0.636166603126191 0.693353075820502 0.758388450203202 0.175742094980323
0.487751372946074 0.282261673151751 0.771009065825778 0.334710858790664 0.363536836811319 0.437695093842608 0.486981347544728 0.534991416309013 0.596037750621144 0.650081609762051 0.162876009374853
