1.46772193496312 0.806800225733634 2.05876504241468 1.08702333385266 1.16222497516316 1.3306606898882 1.46107415551086 1.61104266080972 1.72935427358523 1.84948836790093 0.137352042913417
0.944381264431901 0.422976454908929 1.40112123219609 0.611414530215193 0.676855939745683 0.832666538843427 0.957704390639204 1.04751933991501 1.15125371328438 1.2535232474774 0.175048290535779
1.0981783998602 0.575103270223752 1.77952380952381 0.736272807987912 0.778130572152886 0.981343207432227 1.10110559854556 1.22742108279708 1.31868268742907 1.4361801447597 0.169526551512201
2.26003876470547 1.44017992802879 3.29752011031947 1.64088012835356 1.77280420663129 2.05262484178291 2.25624414426121 2.50324463689206 2.68355358880338 2.88355346625124 0.144013216149611
2.16317702202765 1.25867388167388 3.23888836104513 1.5136207899321 1.62459710780804 1.96104828256643 2.156875 2.35202943800178 2.59895067881079 2.85678809331692 0.153128047502116
1.55844703072319 0.793047048759624 2.30971017964072 1.03047091779832 1.12234992162978 1.36442419575633 1.56047439126784 1.75182384878343 1.92432626296568 2.09069018006723 0.177955140222169
1.71247782242838 0.949219765929779 2.64710900473934 1.21302255214157 1.30345962722832 1.54748745519713 1.71416960173395 1.8676802507837 2.0308603105309 2.3010286663302 0.156211363449937
1.91166255164877 1.36544596912521 2.90488436123348 1.45601095178169 1.51380999235513 1.72232563069748 1.89723939929329 2.07535338662179 2.23864711445318 2.51967991210309 0.139024649454166
0.986099883478024 0.604708164344913 1.34529572721532 0.735699171427164 0.763650963432123 0.894023096129838 0.985648879402348 1.06450073421439 1.16543121031863 1.271997581551 0.137439661286589
0.704996302637958 0.386275218307739 1.01929075738126 0.497263271374012 0.530118739050604 0.636827956989247 0.694627739043825 0.771151346332405 0.855017246376861 0.954774619585225 0.157212724062932
1.16663189093838 0.715364824968368 1.91381538026576 0.836167087858563 0.890304018908696 1.04441438671995 1.15963140037014 1.29332181365773 1.39222321712728 1.48914632120785 0.150993419295524
0.350253726417889 0.175740280289331 0.544411098527746 0.243053874466037 0.25940605933886 0.309120445579021 0.346581469648562 0.390571465428277 0.419607595784497 0.463648056777742 0.163618982581582
0.539286073455706 0.249383561643836 0.884927636113025 0.338788876513057 0.365046352618627 0.466994219653179 0.534443378119002 0.613852898197759 0.68838165716443 0.767060783506268 0.210939811778884
0.829879472315599 0.499787505312367 1.25077264325323 0.581145624766888 0.610247729980616 0.734932126696833 0.825704330512693 0.910082644628099 0.99655483985568 1.11940520093818 0.162205761231505
0.53089150283098 0.356920836189171 0.807632215693052 0.385516613358657 0.399005951527674 0.469998040752351 0.524019215372298 0.58562724599804 0.642392939151366 0.71709311111808 0.157052146710015
0.486280781349971 0.262873693775557 0.736011605415861 0.332253993734752 0.35573050397878 0.422453402687473 0.491209593326382 0.547190972222222 0.592189157637486 0.6590523519567 0.178026950580628
0.767313929830131 0.51767798976268 1.15246929824561 0.568063858633991 0.596025190461009 0.688108742774566 0.767511737089202 0.83672480620155 0.91384984965422 1.00588167123509 0.144511361250468
0.483497950063963 0.266995153473344 0.700846744696415 0.347732262860023 0.36235904001794 0.428996620743436 0.477728873239437 0.537121448641898 0.587333295113858 0.643905475305003 0.162016343514576
0.450432706962714 0.250299850074963 0.662096254530809 0.308905953735305 0.328885700574076 0.40486973303313 0.452025993883792 0.49072202166065 0.540945407257848 0.594905434800958 0.159285631029364
