1.38206717915596 0.633590909090909 1.93936655570785 0.990422465579893 1.06390132192699 1.2427102700213 1.38483544923282 1.52046900490745 1.62522308199248 1.79606144275805 0.149354526634887
0.91424394519287 0.371792549119673 1.85152964959569 0.552899131212061 0.60699471641072 0.809022399977968 0.926909139293746 1.02201268460794 1.12010617653632 1.28430929748427 0.199525308820068
1.25038551964742 0.556355365266256 1.94161843276937 0.694847766883628 0.858249463280522 1.09961740559278 1.25275656795718 1.41190588477192 1.56703938878789 1.74587005102933 0.19666504248994
1.98224181777542 1.43020539669754 2.72998420844848 1.52809107739553 1.59388806123427 1.81372993181702 1.97571508014206 2.13533769901896 2.31899749229773 2.53286375331473 0.1257753800238
2.14344282272096 1.39868965517241 3.15767482180697 1.62120290089692 1.67910567159208 1.93249818661361 2.1022366223836 2.34206117021277 2.55442732637263 2.80658648684187 0.1438031774343
1.62903819241036 1.01630072756669 2.53848281642917 1.10930881772406 1.19682026809565 1.41278722025832 1.61277964310987 1.8433200847754 2.00672219310865 2.16842270158135 0.174268661257631
1.6427552109473 0.841618031797142 2.79520592864638 1.12239226299325 1.17381231059746 1.42932305568878 1.64732327639945 1.84408576142876 2.05389858622026 2.26991832473032 0.18808273251117
1.85578153071238 1.26773156899811 2.77860465116279 1.39621447125859 1.46427114972152 1.65726632160321 1.83548395685907 2.01053759435258 2.21525116558052 2.39599453245555 0.145100198343846
1.02146945233257 0.567238837405223 1.44157682949654 0.739581143253829 0.783494870816271 0.918569660179534 1.00887762701273 1.13323409914424 1.22038812402964 1.34123578195496 0.149035504579135
0.636586791919082 0.330068813295248 1.08999825601674 0.470348016763349 0.487431052837992 0.564187551389914 0.629610805860806 0.702282558060536 0.764916310190869 0.838520702412859 0.15614158901483
0.968143200297472 0.614642980338048 1.50518181818182 0.673685705465132 0.721234020636513 0.865583753627496 0.945690648742773 1.07613836934004 1.16794222700472 1.31610738703127 0.167248865140004
0.368762571025873 0.231153583617747 0.547593524392912 0.267711980087452 0.27713962939569 0.325285157505489 0.368207798405221 0.408073915387738 0.437650878865941 0.488648709827921 0.157228001510815
0.546545672899431 0.271505429417572 0.958550383028874 0.362670504035954 0.384132546637893 0.469556119398392 0.542783370182414 0.617902275134495 0.687398786721453 0.762923420136207 0.195867129984969
0.838800006791869 0.526869022316684 1.371005859375 0.608643956252511 0.62953933416166 0.748074114238743 0.825576018703699 0.917299859208643 1.00908497235924 1.15550506731558 0.157509537149493
0.478159977266255 0.237008180755746 0.749480470231323 0.32976348547389 0.354847002898768 0.422863035902486 0.473280989011421 0.526519931569325 0.581376059270567 0.646869371606953 0.169775616468871
0.44519306544168 0.180748713149275 0.682804203539823 0.274841468535987 0.308878345078863 0.384090370807162 0.446813928027755 0.50358062583238 0.551798696296396 0.623132356350858 0.198795503742678
0.681971357596748 0.420196998123827 1.07048854301773 0.482851952725894 0.508586839879607 0.60235101010726 0.671077320598148 0.757139011065976 0.835203784546041 0.955158136246329 0.17337241831887
0.39314316092935 0.218286592393392 0.689779411764706 0.263021478247582 0.276343758990236 0.349046314855603 0.391196773980654 0.434140984597562 0.47822908815112 0.539400446497962 0.17760686579783
0.426780672259219 0.225837414299706 0.698756345177665 0.293863708648388 0.312512298434613 0.378505558335058 0.423885911375332 0.470345255482432 0.521942733303245 0.582005951408951 0.174040980596478
